{
  "_metadata": {
    "generated_at": "2026-03-13T02:52:07.762431+00:00",
    "date": "2026-03-12",
    "week": 9,
    "reference_date": "2026-03-12",
    "n_active": 13,
    "n_clusters": 2,
    "n_paredoes": 8,
    "n_contradictions": 34,
    "n_tensions": 1,
    "silhouette_coefficient": 0.4202,
    "resolution_used": 0.5,
    "best_cohesion": {
      "label": 2,
      "name": "Aliança Grupo Misto",
      "score": 1.6592
    },
    "worst_rivalry": {
      "key": "1<>2",
      "score": -4.5836,
      "text": "Frente Grupo Misto vs Aliança Grupo Misto"
    }
  },
  "active_names": [
    "Alberto Cowboy",
    "Ana Paula Renault",
    "Breno",
    "Chaiany",
    "Gabriela",
    "Jonas Sulzbach",
    "Jordana",
    "Juliano Floss",
    "Leandro",
    "Marciele",
    "Milena",
    "Samira",
    "Solange Couto"
  ],
  "cluster_order": [
    "Chaiany",
    "Breno",
    "Juliano Floss",
    "Leandro",
    "Samira",
    "Ana Paula Renault",
    "Milena",
    "Solange Couto",
    "Gabriela",
    "Alberto Cowboy",
    "Jonas Sulzbach",
    "Marciele",
    "Jordana"
  ],
  "communities": [
    {
      "label": 1,
      "name": "Frente Grupo Misto",
      "color": "#e74c3c",
      "members": [
        "Ana Paula Renault",
        "Breno",
        "Chaiany",
        "Gabriela",
        "Juliano Floss",
        "Leandro",
        "Milena",
        "Samira",
        "Solange Couto"
      ],
      "group_composition": {
        "Pipoca": 6,
        "Camarote": 2,
        "Veterano": 1
      },
      "cohesion": -0.3263,
      "best_external": {
        "label": 2,
        "name": "Aliança Grupo Misto",
        "score": -4.5836
      },
      "worst_external": {
        "label": 2,
        "name": "Aliança Grupo Misto",
        "score": -4.5836
      }
    },
    {
      "label": 2,
      "name": "Aliança Grupo Misto",
      "color": "#3498db",
      "members": [
        "Alberto Cowboy",
        "Jonas Sulzbach",
        "Jordana",
        "Marciele"
      ],
      "group_composition": {
        "Veterano": 2,
        "Pipoca": 2
      },
      "cohesion": 1.6592,
      "best_external": {
        "label": 1,
        "name": "Frente Grupo Misto",
        "score": -4.5836
      },
      "worst_external": {
        "label": 1,
        "name": "Frente Grupo Misto",
        "score": -4.5836
      }
    }
  ],
  "inter_cluster": [
    {
      "cluster_a": 1,
      "cluster_b": 2,
      "name_a": "Frente Grupo Misto",
      "name_b": "Aliança Grupo Misto",
      "score_sym": -4.5836,
      "score_a_to_b": -4.8878,
      "score_b_to_a": -4.2794,
      "vote_alignment": 0.1614
    }
  ],
  "polarization": [
    {
      "name": "Alberto Cowboy",
      "grupo": "Veterano",
      "cluster": 2,
      "avg_received": -4.244,
      "std_received": 4.753,
      "contradictions": 2,
      "pos_received": 4.95,
      "top_love": [
        {
          "name": "Jonas Sulzbach",
          "score": 2.35
        },
        {
          "name": "Jordana",
          "score": 1.3
        },
        {
          "name": "Marciele",
          "score": 1.3
        }
      ],
      "top_hate": [
        {
          "name": "Leandro",
          "score": -12.08
        },
        {
          "name": "Milena",
          "score": -10.57
        },
        {
          "name": "Breno",
          "score": -9.88
        }
      ]
    },
    {
      "name": "Ana Paula Renault",
      "grupo": "Veterano",
      "cluster": 1,
      "avg_received": -1.1416,
      "std_received": 2.3225,
      "contradictions": 0,
      "pos_received": 6.666,
      "top_love": [
        {
          "name": "Milena",
          "score": 3.31
        },
        {
          "name": "Samira",
          "score": 2.0
        },
        {
          "name": "Juliano Floss",
          "score": 1.36
        }
      ],
      "top_hate": [
        {
          "name": "Alberto Cowboy",
          "score": -5.68
        },
        {
          "name": "Jonas Sulzbach",
          "score": -3.45
        },
        {
          "name": "Marciele",
          "score": -2.28
        }
      ]
    },
    {
      "name": "Breno",
      "grupo": "Pipoca",
      "cluster": 1,
      "avg_received": -1.9388,
      "std_received": 3.3511,
      "contradictions": 2,
      "pos_received": 5.56,
      "top_love": [
        {
          "name": "Samira",
          "score": 1.35
        },
        {
          "name": "Solange Couto",
          "score": 1.11
        },
        {
          "name": "Leandro",
          "score": 1.1
        }
      ],
      "top_hate": [
        {
          "name": "Alberto Cowboy",
          "score": -8.11
        },
        {
          "name": "Jordana",
          "score": -8.08
        },
        {
          "name": "Marciele",
          "score": -4.92
        }
      ]
    },
    {
      "name": "Chaiany",
      "grupo": "Pipoca",
      "cluster": 1,
      "avg_received": -0.6102,
      "std_received": 2.8719,
      "contradictions": 4,
      "pos_received": 10.16,
      "top_love": [
        {
          "name": "Gabriela",
          "score": 3.31
        },
        {
          "name": "Leandro",
          "score": 2.0
        },
        {
          "name": "Breno",
          "score": 1.5
        }
      ],
      "top_hate": [
        {
          "name": "Jordana",
          "score": -7.22
        },
        {
          "name": "Alberto Cowboy",
          "score": -4.72
        },
        {
          "name": "Milena",
          "score": -1.65
        }
      ]
    },
    {
      "name": "Gabriela",
      "grupo": "Pipoca",
      "cluster": 1,
      "avg_received": -0.92,
      "std_received": 1.93,
      "contradictions": 7,
      "pos_received": 5.445,
      "top_love": [
        {
          "name": "Chaiany",
          "score": 3.31
        },
        {
          "name": "Jordana",
          "score": 1.1
        },
        {
          "name": "Alberto Cowboy",
          "score": 0.95
        }
      ],
      "top_hate": [
        {
          "name": "Leandro",
          "score": -3.9
        },
        {
          "name": "Solange Couto",
          "score": -3.23
        },
        {
          "name": "Milena",
          "score": -2.21
        }
      ]
    },
    {
      "name": "Jonas Sulzbach",
      "grupo": "Veterano",
      "cluster": 2,
      "avg_received": -2.3206,
      "std_received": 3.7687,
      "contradictions": 0,
      "pos_received": 5.91,
      "top_love": [
        {
          "name": "Alberto Cowboy",
          "score": 3.01
        },
        {
          "name": "Jordana",
          "score": 1.2
        },
        {
          "name": "Marciele",
          "score": 1.2
        }
      ],
      "top_hate": [
        {
          "name": "Milena",
          "score": -10.53
        },
        {
          "name": "Juliano Floss",
          "score": -6.96
        },
        {
          "name": "Leandro",
          "score": -5.96
        }
      ]
    },
    {
      "name": "Jordana",
      "grupo": "Pipoca",
      "cluster": 2,
      "avg_received": -4.1881,
      "std_received": 4.5638,
      "contradictions": 6,
      "pos_received": 5.6,
      "top_love": [
        {
          "name": "Alberto Cowboy",
          "score": 1.65
        },
        {
          "name": "Marciele",
          "score": 1.5
        },
        {
          "name": "Gabriela",
          "score": 1.25
        }
      ],
      "top_hate": [
        {
          "name": "Chaiany",
          "score": -11.62
        },
        {
          "name": "Breno",
          "score": -10.24
        },
        {
          "name": "Samira",
          "score": -7.76
        }
      ]
    },
    {
      "name": "Juliano Floss",
      "grupo": "Camarote",
      "cluster": 1,
      "avg_received": -2.1479,
      "std_received": 3.8462,
      "contradictions": 0,
      "pos_received": 6.63,
      "top_love": [
        {
          "name": "Breno",
          "score": 1.34
        },
        {
          "name": "Leandro",
          "score": 1.3
        },
        {
          "name": "Chaiany",
          "score": 1.1
        }
      ],
      "top_hate": [
        {
          "name": "Marciele",
          "score": -9.2
        },
        {
          "name": "Gabriela",
          "score": -7.74
        },
        {
          "name": "Alberto Cowboy",
          "score": -6.92
        }
      ]
    },
    {
      "name": "Leandro",
      "grupo": "Pipoca",
      "cluster": 1,
      "avg_received": -2.1346,
      "std_received": 3.3358,
      "contradictions": 0,
      "pos_received": 4.9,
      "top_love": [
        {
          "name": "Solange Couto",
          "score": 1.3
        },
        {
          "name": "Breno",
          "score": 1.2
        },
        {
          "name": "Chaiany",
          "score": 1.2
        }
      ],
      "top_hate": [
        {
          "name": "Alberto Cowboy",
          "score": -10.54
        },
        {
          "name": "Gabriela",
          "score": -4.59
        },
        {
          "name": "Jordana",
          "score": -4.24
        }
      ]
    },
    {
      "name": "Marciele",
      "grupo": "Pipoca",
      "cluster": 2,
      "avg_received": -2.2517,
      "std_received": 3.161,
      "contradictions": 2,
      "pos_received": 5.9,
      "top_love": [
        {
          "name": "Jordana",
          "score": 2.0
        },
        {
          "name": "Jonas Sulzbach",
          "score": 1.65
        },
        {
          "name": "Alberto Cowboy",
          "score": 1.55
        }
      ],
      "top_hate": [
        {
          "name": "Juliano Floss",
          "score": -8.53
        },
        {
          "name": "Breno",
          "score": -4.92
        },
        {
          "name": "Ana Paula Renault",
          "score": -4.73
        }
      ]
    },
    {
      "name": "Milena",
      "grupo": "Pipoca",
      "cluster": 1,
      "avg_received": -2.7037,
      "std_received": 4.8775,
      "contradictions": 0,
      "pos_received": 6.946,
      "top_love": [
        {
          "name": "Ana Paula Renault",
          "score": 2.2
        },
        {
          "name": "Juliano Floss",
          "score": 2.12
        },
        {
          "name": "Samira",
          "score": 1.92
        }
      ],
      "top_hate": [
        {
          "name": "Alberto Cowboy",
          "score": -12.88
        },
        {
          "name": "Jonas Sulzbach",
          "score": -12.22
        },
        {
          "name": "Solange Couto",
          "score": -4.19
        }
      ]
    },
    {
      "name": "Samira",
      "grupo": "Pipoca",
      "cluster": 1,
      "avg_received": -1.7159,
      "std_received": 2.3642,
      "contradictions": 2,
      "pos_received": 3.08,
      "top_love": [
        {
          "name": "Breno",
          "score": 1.55
        },
        {
          "name": "Ana Paula Renault",
          "score": 0.84
        },
        {
          "name": "Milena",
          "score": 0.69
        }
      ],
      "top_hate": [
        {
          "name": "Jordana",
          "score": -6.38
        },
        {
          "name": "Marciele",
          "score": -4.96
        },
        {
          "name": "Solange Couto",
          "score": -3.62
        }
      ]
    },
    {
      "name": "Solange Couto",
      "grupo": "Camarote",
      "cluster": 1,
      "avg_received": -1.4833,
      "std_received": 2.2846,
      "contradictions": 11,
      "pos_received": 4.11,
      "top_love": [
        {
          "name": "Chaiany",
          "score": 1.45
        },
        {
          "name": "Leandro",
          "score": 1.2
        },
        {
          "name": "Breno",
          "score": 1.0
        }
      ],
      "top_hate": [
        {
          "name": "Jordana",
          "score": -6.08
        },
        {
          "name": "Marciele",
          "score": -4.6
        },
        {
          "name": "Gabriela",
          "score": -2.58
        }
      ]
    }
  ],
  "score_matrix_ordered": [
    [
      0.0,
      1.25,
      1.025,
      1.6,
      0.45,
      -1.132,
      -1.482,
      1.475,
      3.31,
      -2.945,
      -1.48,
      -2.5013,
      -9.418
    ],
    [
      1.25,
      0.0,
      1.17,
      1.15,
      1.45,
      -1.59,
      -0.515,
      1.055,
      -1.005,
      -8.993,
      -2.64,
      -4.92,
      -9.158
    ],
    [
      1.025,
      1.17,
      0.0,
      1.25,
      -1.713,
      1.088,
      1.543,
      0.595,
      -4.7425,
      -6.6963,
      -5.978,
      -8.865,
      -2.715
    ],
    [
      1.6,
      1.15,
      1.25,
      0.0,
      -1.625,
      -1.037,
      -0.697,
      1.25,
      -4.245,
      -11.308,
      -4.9375,
      -3.41,
      -5.42
    ],
    [
      0.45,
      1.45,
      -1.713,
      -1.625,
      0.0,
      1.42,
      1.305,
      -3.0225,
      -0.78,
      -4.1825,
      -2.2925,
      -4.72,
      -7.068
    ],
    [
      -1.132,
      -1.59,
      1.088,
      -1.037,
      1.42,
      0.0,
      2.755,
      -2.285,
      -1.932,
      -6.167,
      -3.6295,
      -3.505,
      -2.8225
    ],
    [
      -1.482,
      -0.515,
      1.543,
      -0.697,
      1.305,
      2.755,
      0.0,
      -3.305,
      -2.8745,
      -11.728,
      -11.378,
      -1.525,
      -5.38
    ],
    [
      1.475,
      1.055,
      0.595,
      1.25,
      -3.0225,
      -2.285,
      -3.305,
      0.0,
      -2.905,
      -1.83,
      0.435,
      -2.935,
      -5.56
    ],
    [
      3.31,
      -1.005,
      -4.7425,
      -4.245,
      -0.78,
      -1.932,
      -2.8745,
      -2.905,
      0.0,
      -0.245,
      -0.0775,
      -0.19,
      1.175
    ],
    [
      -2.945,
      -8.993,
      -6.6963,
      -11.308,
      -4.1825,
      -6.167,
      -11.728,
      -1.83,
      -0.245,
      0.0,
      2.68,
      1.425,
      1.475
    ],
    [
      -1.48,
      -2.64,
      -5.978,
      -4.9375,
      -2.2925,
      -3.6295,
      -11.378,
      0.435,
      -0.0775,
      2.68,
      0.0,
      1.425,
      1.2
    ],
    [
      -2.5013,
      -4.92,
      -8.865,
      -3.41,
      -4.72,
      -3.505,
      -1.525,
      -2.935,
      -0.19,
      1.425,
      1.425,
      0.0,
      1.75
    ],
    [
      -9.418,
      -9.158,
      -2.715,
      -5.42,
      -7.068,
      -2.8225,
      -5.38,
      -5.56,
      1.175,
      1.475,
      1.2,
      1.75,
      0.0
    ]
  ],
  "vote_matrix_ordered": [
    [
      0.0,
      0.75,
      0.625,
      0.75,
      0.2857,
      0.4286,
      0.625,
      0.5,
      0.0,
      0.0,
      0.0,
      0.0,
      0.0
    ],
    [
      0.75,
      0.0,
      0.75,
      0.875,
      0.5714,
      0.7143,
      0.875,
      0.75,
      0.125,
      0.0,
      0.3333,
      0.0,
      0.0
    ],
    [
      0.625,
      0.75,
      0.0,
      0.75,
      0.5714,
      0.7143,
      0.625,
      0.5,
      0.0,
      0.0,
      0.0,
      0.0,
      0.0
    ],
    [
      0.75,
      0.875,
      0.75,
      0.0,
      0.4286,
      0.5714,
      0.75,
      0.625,
      0.0,
      0.0,
      0.0,
      0.0,
      0.0
    ],
    [
      0.2857,
      0.5714,
      0.5714,
      0.4286,
      0.0,
      0.8333,
      0.5714,
      0.5714,
      0.2857,
      0.25,
      1.0,
      0.2857,
      0.1429
    ],
    [
      0.4286,
      0.7143,
      0.7143,
      0.5714,
      0.8333,
      0.0,
      0.8571,
      0.5714,
      0.1429,
      0.0,
      0.3333,
      0.0,
      0.0
    ],
    [
      0.625,
      0.875,
      0.625,
      0.75,
      0.5714,
      0.8571,
      0.0,
      0.625,
      0.125,
      0.0,
      0.3333,
      0.0,
      0.0
    ],
    [
      0.5,
      0.75,
      0.5,
      0.625,
      0.5714,
      0.5714,
      0.625,
      0.0,
      0.125,
      0.0,
      0.3333,
      0.0,
      0.0
    ],
    [
      0.0,
      0.125,
      0.0,
      0.0,
      0.2857,
      0.1429,
      0.125,
      0.125,
      0.0,
      0.8,
      1.0,
      0.5,
      0.5
    ],
    [
      0.0,
      0.0,
      0.0,
      0.0,
      0.25,
      0.0,
      0.0,
      0.0,
      0.8,
      0.0,
      1.0,
      0.8,
      0.8
    ],
    [
      0.0,
      0.3333,
      0.0,
      0.0,
      1.0,
      0.3333,
      0.3333,
      0.3333,
      1.0,
      1.0,
      0.0,
      0.6667,
      0.6667
    ],
    [
      0.0,
      0.0,
      0.0,
      0.0,
      0.2857,
      0.0,
      0.0,
      0.0,
      0.5,
      0.8,
      0.6667,
      0.0,
      0.75
    ],
    [
      0.0,
      0.0,
      0.0,
      0.0,
      0.1429,
      0.0,
      0.0,
      0.0,
      0.5,
      0.8,
      0.6667,
      0.75,
      0.0
    ]
  ]
}