{
  "_metadata": {
    "generated_at": "2026-03-13T19:34:44.881914+00:00",
    "date": "2026-03-13",
    "week": 9,
    "reference_date": "2026-03-13",
    "n_active": 13,
    "n_clusters": 2,
    "n_paredoes": 8,
    "n_contradictions": 32,
    "n_tensions": 1,
    "silhouette_coefficient": 0.4227,
    "resolution_used": 0.5,
    "best_cohesion": {
      "label": 2,
      "name": "Aliança Grupo Misto",
      "score": 1.6592
    },
    "worst_rivalry": {
      "key": "1<>2",
      "score": -4.5801,
      "text": "Frente Grupo Misto vs Aliança Grupo Misto"
    }
  },
  "active_names": [
    "Alberto Cowboy",
    "Ana Paula Renault",
    "Breno",
    "Chaiany",
    "Gabriela",
    "Jonas Sulzbach",
    "Jordana",
    "Juliano Floss",
    "Leandro",
    "Marciele",
    "Milena",
    "Samira",
    "Solange Couto"
  ],
  "cluster_order": [
    "Chaiany",
    "Breno",
    "Juliano Floss",
    "Samira",
    "Ana Paula Renault",
    "Leandro",
    "Milena",
    "Solange Couto",
    "Gabriela",
    "Alberto Cowboy",
    "Jonas Sulzbach",
    "Marciele",
    "Jordana"
  ],
  "communities": [
    {
      "label": 1,
      "name": "Frente Grupo Misto",
      "color": "#e74c3c",
      "members": [
        "Ana Paula Renault",
        "Breno",
        "Chaiany",
        "Gabriela",
        "Juliano Floss",
        "Leandro",
        "Milena",
        "Samira",
        "Solange Couto"
      ],
      "group_composition": {
        "Pipoca": 6,
        "Camarote": 2,
        "Veterano": 1
      },
      "cohesion": -0.288,
      "best_external": {
        "label": 2,
        "name": "Aliança Grupo Misto",
        "score": -4.5801
      },
      "worst_external": {
        "label": 2,
        "name": "Aliança Grupo Misto",
        "score": -4.5801
      }
    },
    {
      "label": 2,
      "name": "Aliança Grupo Misto",
      "color": "#3498db",
      "members": [
        "Alberto Cowboy",
        "Jonas Sulzbach",
        "Jordana",
        "Marciele"
      ],
      "group_composition": {
        "Veterano": 2,
        "Pipoca": 2
      },
      "cohesion": 1.6592,
      "best_external": {
        "label": 1,
        "name": "Frente Grupo Misto",
        "score": -4.5801
      },
      "worst_external": {
        "label": 1,
        "name": "Frente Grupo Misto",
        "score": -4.5801
      }
    }
  ],
  "inter_cluster": [
    {
      "cluster_a": 1,
      "cluster_b": 2,
      "name_a": "Frente Grupo Misto",
      "name_b": "Aliança Grupo Misto",
      "score_sym": -4.5801,
      "score_a_to_b": -4.8699,
      "score_b_to_a": -4.2903,
      "vote_alignment": 0.1614
    }
  ],
  "polarization": [
    {
      "name": "Alberto Cowboy",
      "grupo": "Veterano",
      "cluster": 2,
      "avg_received": -4.2202,
      "std_received": 4.75,
      "contradictions": 2,
      "pos_received": 4.95,
      "top_love": [
        {
          "name": "Jonas Sulzbach",
          "score": 2.35
        },
        {
          "name": "Jordana",
          "score": 1.3
        },
        {
          "name": "Marciele",
          "score": 1.3
        }
      ],
      "top_hate": [
        {
          "name": "Leandro",
          "score": -12.08
        },
        {
          "name": "Milena",
          "score": -10.57
        },
        {
          "name": "Breno",
          "score": -9.88
        }
      ]
    },
    {
      "name": "Ana Paula Renault",
      "grupo": "Veterano",
      "cluster": 1,
      "avg_received": -1.0741,
      "std_received": 2.3351,
      "contradictions": 0,
      "pos_received": 6.666,
      "top_love": [
        {
          "name": "Milena",
          "score": 3.31
        },
        {
          "name": "Samira",
          "score": 2.0
        },
        {
          "name": "Juliano Floss",
          "score": 1.36
        }
      ],
      "top_hate": [
        {
          "name": "Alberto Cowboy",
          "score": -5.68
        },
        {
          "name": "Jonas Sulzbach",
          "score": -3.48
        },
        {
          "name": "Marciele",
          "score": -2.28
        }
      ]
    },
    {
      "name": "Breno",
      "grupo": "Pipoca",
      "cluster": 1,
      "avg_received": -1.9226,
      "std_received": 3.3678,
      "contradictions": 2,
      "pos_received": 5.62,
      "top_love": [
        {
          "name": "Samira",
          "score": 1.38
        },
        {
          "name": "Solange Couto",
          "score": 1.14
        },
        {
          "name": "Leandro",
          "score": 1.1
        }
      ],
      "top_hate": [
        {
          "name": "Alberto Cowboy",
          "score": -8.14
        },
        {
          "name": "Jordana",
          "score": -8.11
        },
        {
          "name": "Marciele",
          "score": -4.92
        }
      ]
    },
    {
      "name": "Chaiany",
      "grupo": "Pipoca",
      "cluster": 1,
      "avg_received": -0.549,
      "std_received": 2.8544,
      "contradictions": 4,
      "pos_received": 10.19,
      "top_love": [
        {
          "name": "Gabriela",
          "score": 3.31
        },
        {
          "name": "Leandro",
          "score": 2.0
        },
        {
          "name": "Breno",
          "score": 1.5
        }
      ],
      "top_hate": [
        {
          "name": "Jordana",
          "score": -7.25
        },
        {
          "name": "Alberto Cowboy",
          "score": -4.63
        },
        {
          "name": "Marciele",
          "score": -1.53
        }
      ]
    },
    {
      "name": "Gabriela",
      "grupo": "Pipoca",
      "cluster": 1,
      "avg_received": -0.8325,
      "std_received": 1.8861,
      "contradictions": 6,
      "pos_received": 5.79,
      "top_love": [
        {
          "name": "Chaiany",
          "score": 3.31
        },
        {
          "name": "Jordana",
          "score": 1.1
        },
        {
          "name": "Alberto Cowboy",
          "score": 0.95
        }
      ],
      "top_hate": [
        {
          "name": "Leandro",
          "score": -3.9
        },
        {
          "name": "Solange Couto",
          "score": -2.57
        },
        {
          "name": "Ana Paula Renault",
          "score": -2.2
        }
      ]
    },
    {
      "name": "Jonas Sulzbach",
      "grupo": "Veterano",
      "cluster": 2,
      "avg_received": -2.3031,
      "std_received": 3.7736,
      "contradictions": 0,
      "pos_received": 5.91,
      "top_love": [
        {
          "name": "Alberto Cowboy",
          "score": 3.01
        },
        {
          "name": "Jordana",
          "score": 1.2
        },
        {
          "name": "Marciele",
          "score": 1.2
        }
      ],
      "top_hate": [
        {
          "name": "Milena",
          "score": -10.53
        },
        {
          "name": "Juliano Floss",
          "score": -6.99
        },
        {
          "name": "Leandro",
          "score": -5.96
        }
      ]
    },
    {
      "name": "Jordana",
      "grupo": "Pipoca",
      "cluster": 2,
      "avg_received": -4.1668,
      "std_received": 4.5306,
      "contradictions": 5,
      "pos_received": 5.6,
      "top_love": [
        {
          "name": "Alberto Cowboy",
          "score": 1.65
        },
        {
          "name": "Marciele",
          "score": 1.5
        },
        {
          "name": "Gabriela",
          "score": 1.25
        }
      ],
      "top_hate": [
        {
          "name": "Chaiany",
          "score": -11.65
        },
        {
          "name": "Breno",
          "score": -10.24
        },
        {
          "name": "Milena",
          "score": -7.62
        }
      ]
    },
    {
      "name": "Juliano Floss",
      "grupo": "Camarote",
      "cluster": 1,
      "avg_received": -2.1391,
      "std_received": 3.8479,
      "contradictions": 0,
      "pos_received": 6.63,
      "top_love": [
        {
          "name": "Breno",
          "score": 1.34
        },
        {
          "name": "Leandro",
          "score": 1.3
        },
        {
          "name": "Chaiany",
          "score": 1.1
        }
      ],
      "top_hate": [
        {
          "name": "Marciele",
          "score": -9.2
        },
        {
          "name": "Gabriela",
          "score": -7.75
        },
        {
          "name": "Alberto Cowboy",
          "score": -6.92
        }
      ]
    },
    {
      "name": "Leandro",
      "grupo": "Pipoca",
      "cluster": 1,
      "avg_received": -2.1396,
      "std_received": 3.3369,
      "contradictions": 0,
      "pos_received": 4.9,
      "top_love": [
        {
          "name": "Solange Couto",
          "score": 1.3
        },
        {
          "name": "Breno",
          "score": 1.2
        },
        {
          "name": "Chaiany",
          "score": 1.2
        }
      ],
      "top_hate": [
        {
          "name": "Alberto Cowboy",
          "score": -10.54
        },
        {
          "name": "Gabriela",
          "score": -4.59
        },
        {
          "name": "Jordana",
          "score": -4.15
        }
      ]
    },
    {
      "name": "Marciele",
      "grupo": "Pipoca",
      "cluster": 2,
      "avg_received": -2.2604,
      "std_received": 3.1828,
      "contradictions": 2,
      "pos_received": 5.9,
      "top_love": [
        {
          "name": "Jordana",
          "score": 2.0
        },
        {
          "name": "Jonas Sulzbach",
          "score": 1.65
        },
        {
          "name": "Alberto Cowboy",
          "score": 1.55
        }
      ],
      "top_hate": [
        {
          "name": "Juliano Floss",
          "score": -8.65
        },
        {
          "name": "Breno",
          "score": -4.92
        },
        {
          "name": "Ana Paula Renault",
          "score": -4.75
        }
      ]
    },
    {
      "name": "Milena",
      "grupo": "Pipoca",
      "cluster": 1,
      "avg_received": -2.6337,
      "std_received": 4.8979,
      "contradictions": 0,
      "pos_received": 6.976,
      "top_love": [
        {
          "name": "Ana Paula Renault",
          "score": 2.2
        },
        {
          "name": "Juliano Floss",
          "score": 2.12
        },
        {
          "name": "Samira",
          "score": 1.92
        }
      ],
      "top_hate": [
        {
          "name": "Alberto Cowboy",
          "score": -12.88
        },
        {
          "name": "Jonas Sulzbach",
          "score": -12.25
        },
        {
          "name": "Solange Couto",
          "score": -4.0
        }
      ]
    },
    {
      "name": "Samira",
      "grupo": "Pipoca",
      "cluster": 1,
      "avg_received": -1.6147,
      "std_received": 2.3858,
      "contradictions": 3,
      "pos_received": 3.26,
      "top_love": [
        {
          "name": "Breno",
          "score": 1.58
        },
        {
          "name": "Ana Paula Renault",
          "score": 0.84
        },
        {
          "name": "Milena",
          "score": 0.69
        }
      ],
      "top_hate": [
        {
          "name": "Jordana",
          "score": -6.41
        },
        {
          "name": "Marciele",
          "score": -4.96
        },
        {
          "name": "Solange Couto",
          "score": -3.64
        }
      ]
    },
    {
      "name": "Solange Couto",
      "grupo": "Camarote",
      "cluster": 1,
      "avg_received": -1.6933,
      "std_received": 2.4155,
      "contradictions": 8,
      "pos_received": 3.69,
      "top_love": [
        {
          "name": "Chaiany",
          "score": 1.45
        },
        {
          "name": "Leandro",
          "score": 1.2
        },
        {
          "name": "Breno",
          "score": 1.0
        }
      ],
      "top_hate": [
        {
          "name": "Jordana",
          "score": -6.95
        },
        {
          "name": "Marciele",
          "score": -4.6
        },
        {
          "name": "Gabriela",
          "score": -3.23
        }
      ]
    }
  ],
  "score_matrix_ordered": [
    [
      0.0,
      1.25,
      1.04,
      0.45,
      -0.8095,
      1.6,
      -0.822,
      1.475,
      3.31,
      -2.855,
      -1.33,
      -2.5013,
      -9.448
    ],
    [
      1.25,
      0.0,
      1.17,
      1.48,
      -1.4925,
      1.15,
      -0.515,
      1.07,
      -1.005,
      -9.008,
      -2.64,
      -4.92,
      -9.173
    ],
    [
      1.04,
      1.17,
      0.0,
      -1.683,
      1.088,
      1.25,
      1.543,
      0.2725,
      -4.7575,
      -6.6963,
      -5.993,
      -8.925,
      -2.79
    ],
    [
      0.45,
      1.48,
      -1.683,
      0.0,
      1.42,
      -1.625,
      1.305,
      -3.03,
      -0.435,
      -3.905,
      -2.36,
      -4.72,
      -6.828
    ],
    [
      -0.8095,
      -1.4925,
      1.088,
      1.42,
      0.0,
      -1.052,
      2.755,
      -2.3525,
      -1.767,
      -6.0695,
      -3.607,
      -3.5125,
      -2.845
    ],
    [
      1.6,
      1.15,
      1.25,
      -1.625,
      -1.052,
      0.0,
      -0.7045,
      1.25,
      -4.245,
      -11.308,
      -5.005,
      -3.41,
      -5.375
    ],
    [
      -0.822,
      -0.515,
      1.543,
      1.305,
      2.755,
      -0.7045,
      0.0,
      -3.215,
      -2.837,
      -11.728,
      -11.393,
      -1.525,
      -5.38
    ],
    [
      1.475,
      1.07,
      0.2725,
      -3.03,
      -2.3525,
      1.25,
      -3.215,
      0.0,
      -2.8975,
      -1.83,
      0.27,
      -2.92,
      -5.98
    ],
    [
      3.31,
      -1.005,
      -4.7575,
      -0.435,
      -1.767,
      -4.245,
      -2.837,
      -2.8975,
      0.0,
      -0.245,
      0.0875,
      -0.19,
      1.175
    ],
    [
      -2.855,
      -9.008,
      -6.6963,
      -3.905,
      -6.0695,
      -11.308,
      -11.728,
      -1.83,
      -0.245,
      0.0,
      2.68,
      1.425,
      1.475
    ],
    [
      -1.33,
      -2.64,
      -5.993,
      -2.36,
      -3.607,
      -5.005,
      -11.393,
      0.27,
      0.0875,
      2.68,
      0.0,
      1.425,
      1.2
    ],
    [
      -2.5013,
      -4.92,
      -8.925,
      -4.72,
      -3.5125,
      -3.41,
      -1.525,
      -2.92,
      -0.19,
      1.425,
      1.425,
      0.0,
      1.75
    ],
    [
      -9.448,
      -9.173,
      -2.79,
      -6.828,
      -2.845,
      -5.375,
      -5.38,
      -5.98,
      1.175,
      1.475,
      1.2,
      1.75,
      0.0
    ]
  ],
  "vote_matrix_ordered": [
    [
      0.0,
      0.75,
      0.625,
      0.2857,
      0.4286,
      0.75,
      0.625,
      0.5,
      0.0,
      0.0,
      0.0,
      0.0,
      0.0
    ],
    [
      0.75,
      0.0,
      0.75,
      0.5714,
      0.7143,
      0.875,
      0.875,
      0.75,
      0.125,
      0.0,
      0.3333,
      0.0,
      0.0
    ],
    [
      0.625,
      0.75,
      0.0,
      0.5714,
      0.7143,
      0.75,
      0.625,
      0.5,
      0.0,
      0.0,
      0.0,
      0.0,
      0.0
    ],
    [
      0.2857,
      0.5714,
      0.5714,
      0.0,
      0.8333,
      0.4286,
      0.5714,
      0.5714,
      0.2857,
      0.25,
      1.0,
      0.2857,
      0.1429
    ],
    [
      0.4286,
      0.7143,
      0.7143,
      0.8333,
      0.0,
      0.5714,
      0.8571,
      0.5714,
      0.1429,
      0.0,
      0.3333,
      0.0,
      0.0
    ],
    [
      0.75,
      0.875,
      0.75,
      0.4286,
      0.5714,
      0.0,
      0.75,
      0.625,
      0.0,
      0.0,
      0.0,
      0.0,
      0.0
    ],
    [
      0.625,
      0.875,
      0.625,
      0.5714,
      0.8571,
      0.75,
      0.0,
      0.625,
      0.125,
      0.0,
      0.3333,
      0.0,
      0.0
    ],
    [
      0.5,
      0.75,
      0.5,
      0.5714,
      0.5714,
      0.625,
      0.625,
      0.0,
      0.125,
      0.0,
      0.3333,
      0.0,
      0.0
    ],
    [
      0.0,
      0.125,
      0.0,
      0.2857,
      0.1429,
      0.0,
      0.125,
      0.125,
      0.0,
      0.8,
      1.0,
      0.5,
      0.5
    ],
    [
      0.0,
      0.0,
      0.0,
      0.25,
      0.0,
      0.0,
      0.0,
      0.0,
      0.8,
      0.0,
      1.0,
      0.8,
      0.8
    ],
    [
      0.0,
      0.3333,
      0.0,
      1.0,
      0.3333,
      0.0,
      0.3333,
      0.3333,
      1.0,
      1.0,
      0.0,
      0.6667,
      0.6667
    ],
    [
      0.0,
      0.0,
      0.0,
      0.2857,
      0.0,
      0.0,
      0.0,
      0.0,
      0.5,
      0.8,
      0.6667,
      0.0,
      0.75
    ],
    [
      0.0,
      0.0,
      0.0,
      0.1429,
      0.0,
      0.0,
      0.0,
      0.0,
      0.5,
      0.8,
      0.6667,
      0.75,
      0.0
    ]
  ]
}