{
  "_metadata": {
    "generated_at": "2026-03-21T14:30:55.359186+00:00",
    "date": "2026-03-21",
    "week": 10,
    "reference_date": "2026-03-21",
    "n_active": 12,
    "n_clusters": 2,
    "n_paredoes": 9,
    "n_contradictions": 50,
    "n_tensions": 1,
    "silhouette_coefficient": 0.3733,
    "resolution_used": 0.5,
    "best_cohesion": {
      "label": 2,
      "name": "Aliança Grupo Misto",
      "score": 1.5367
    },
    "worst_rivalry": {
      "key": "1<>2",
      "score": -5.234,
      "text": "Frente Grupo Misto vs Aliança Grupo Misto"
    }
  },
  "active_names": [
    "Alberto Cowboy",
    "Ana Paula Renault",
    "Chaiany",
    "Gabriela",
    "Jonas Sulzbach",
    "Jordana",
    "Juliano Floss",
    "Leandro",
    "Marciele",
    "Milena",
    "Samira",
    "Solange Couto"
  ],
  "cluster_order": [
    "Chaiany",
    "Juliano Floss",
    "Milena",
    "Samira",
    "Leandro",
    "Ana Paula Renault",
    "Solange Couto",
    "Gabriela",
    "Alberto Cowboy",
    "Jonas Sulzbach",
    "Jordana",
    "Marciele"
  ],
  "communities": [
    {
      "label": 1,
      "name": "Frente Grupo Misto",
      "color": "#e74c3c",
      "members": [
        "Ana Paula Renault",
        "Chaiany",
        "Gabriela",
        "Juliano Floss",
        "Leandro",
        "Milena",
        "Samira",
        "Solange Couto"
      ],
      "group_composition": {
        "Pipoca": 5,
        "Camarote": 2,
        "Veterano": 1
      },
      "cohesion": -1.0176,
      "best_external": {
        "label": 2,
        "name": "Aliança Grupo Misto",
        "score": -5.234
      },
      "worst_external": {
        "label": 2,
        "name": "Aliança Grupo Misto",
        "score": -5.234
      }
    },
    {
      "label": 2,
      "name": "Aliança Grupo Misto",
      "color": "#3498db",
      "members": [
        "Alberto Cowboy",
        "Jonas Sulzbach",
        "Jordana",
        "Marciele"
      ],
      "group_composition": {
        "Veterano": 2,
        "Pipoca": 2
      },
      "cohesion": 1.5367,
      "best_external": {
        "label": 1,
        "name": "Frente Grupo Misto",
        "score": -5.234
      },
      "worst_external": {
        "label": 1,
        "name": "Frente Grupo Misto",
        "score": -5.234
      }
    }
  ],
  "inter_cluster": [
    {
      "cluster_a": 1,
      "cluster_b": 2,
      "name_a": "Frente Grupo Misto",
      "name_b": "Aliança Grupo Misto",
      "score_sym": -5.234,
      "score_a_to_b": -5.6234,
      "score_b_to_a": -4.8446,
      "vote_alignment": 0.1886
    }
  ],
  "polarization": [
    {
      "name": "Alberto Cowboy",
      "grupo": "Veterano",
      "cluster": 2,
      "avg_received": -4.0762,
      "std_received": 4.9413,
      "contradictions": 3,
      "pos_received": 4.95,
      "top_love": [
        {
          "name": "Jonas Sulzbach",
          "score": 2.35
        },
        {
          "name": "Jordana",
          "score": 1.3
        },
        {
          "name": "Marciele",
          "score": 1.3
        }
      ],
      "top_hate": [
        {
          "name": "Leandro",
          "score": -12.88
        },
        {
          "name": "Milena",
          "score": -11.37
        },
        {
          "name": "Ana Paula Renault",
          "score": -7.86
        }
      ]
    },
    {
      "name": "Ana Paula Renault",
      "grupo": "Veterano",
      "cluster": 1,
      "avg_received": -2.2268,
      "std_received": 3.0915,
      "contradictions": 0,
      "pos_received": 6.666,
      "top_love": [
        {
          "name": "Milena",
          "score": 3.31
        },
        {
          "name": "Samira",
          "score": 2.0
        },
        {
          "name": "Juliano Floss",
          "score": 1.36
        }
      ],
      "top_hate": [
        {
          "name": "Alberto Cowboy",
          "score": -7.19
        },
        {
          "name": "Jonas Sulzbach",
          "score": -5.62
        },
        {
          "name": "Solange Couto",
          "score": -4.1
        }
      ]
    },
    {
      "name": "Chaiany",
      "grupo": "Pipoca",
      "cluster": 1,
      "avg_received": -1.0144,
      "std_received": 2.8296,
      "contradictions": 5,
      "pos_received": 8.01,
      "top_love": [
        {
          "name": "Gabriela",
          "score": 3.31
        },
        {
          "name": "Leandro",
          "score": 2.0
        },
        {
          "name": "Juliano Floss",
          "score": 1.1
        }
      ],
      "top_hate": [
        {
          "name": "Jordana",
          "score": -6.26
        },
        {
          "name": "Alberto Cowboy",
          "score": -4.82
        },
        {
          "name": "Ana Paula Renault",
          "score": -3.39
        }
      ]
    },
    {
      "name": "Gabriela",
      "grupo": "Pipoca",
      "cluster": 1,
      "avg_received": -2.0296,
      "std_received": 3.1345,
      "contradictions": 7,
      "pos_received": 4.29,
      "top_love": [
        {
          "name": "Chaiany",
          "score": 3.31
        },
        {
          "name": "Alberto Cowboy",
          "score": 0.95
        },
        {
          "name": "Jordana",
          "score": 0.03
        }
      ],
      "top_hate": [
        {
          "name": "Leandro",
          "score": -8.72
        },
        {
          "name": "Solange Couto",
          "score": -6.35
        },
        {
          "name": "Milena",
          "score": -3.29
        }
      ]
    },
    {
      "name": "Jonas Sulzbach",
      "grupo": "Veterano",
      "cluster": 2,
      "avg_received": -4.0189,
      "std_received": 5.0002,
      "contradictions": 1,
      "pos_received": 4.54,
      "top_love": [
        {
          "name": "Alberto Cowboy",
          "score": 3.01
        },
        {
          "name": "Jordana",
          "score": 1.2
        },
        {
          "name": "Marciele",
          "score": 0.33
        }
      ],
      "top_hate": [
        {
          "name": "Milena",
          "score": -13.89
        },
        {
          "name": "Juliano Floss",
          "score": -9.99
        },
        {
          "name": "Leandro",
          "score": -8.3
        }
      ]
    },
    {
      "name": "Jordana",
      "grupo": "Pipoca",
      "cluster": 2,
      "avg_received": -4.0406,
      "std_received": 4.4969,
      "contradictions": 10,
      "pos_received": 3.66,
      "top_love": [
        {
          "name": "Alberto Cowboy",
          "score": 1.65
        },
        {
          "name": "Jonas Sulzbach",
          "score": 1.2
        },
        {
          "name": "Marciele",
          "score": 0.81
        }
      ],
      "top_hate": [
        {
          "name": "Chaiany",
          "score": -13.62
        },
        {
          "name": "Leandro",
          "score": -7.54
        },
        {
          "name": "Milena",
          "score": -7.53
        }
      ]
    },
    {
      "name": "Juliano Floss",
      "grupo": "Camarote",
      "cluster": 1,
      "avg_received": -2.6923,
      "std_received": 4.1744,
      "contradictions": 1,
      "pos_received": 5.29,
      "top_love": [
        {
          "name": "Leandro",
          "score": 1.3
        },
        {
          "name": "Chaiany",
          "score": 1.1
        },
        {
          "name": "Solange Couto",
          "score": 1.1
        }
      ],
      "top_hate": [
        {
          "name": "Marciele",
          "score": -9.2
        },
        {
          "name": "Gabriela",
          "score": -8.02
        },
        {
          "name": "Alberto Cowboy",
          "score": -7.86
        }
      ]
    },
    {
      "name": "Leandro",
      "grupo": "Pipoca",
      "cluster": 1,
      "avg_received": -3.6637,
      "std_received": 4.1136,
      "contradictions": 5,
      "pos_received": 3.7,
      "top_love": [
        {
          "name": "Solange Couto",
          "score": 1.3
        },
        {
          "name": "Chaiany",
          "score": 1.2
        },
        {
          "name": "Juliano Floss",
          "score": 1.2
        }
      ],
      "top_hate": [
        {
          "name": "Alberto Cowboy",
          "score": -10.74
        },
        {
          "name": "Gabriela",
          "score": -8.27
        },
        {
          "name": "Jonas Sulzbach",
          "score": -8.05
        }
      ]
    },
    {
      "name": "Marciele",
      "grupo": "Pipoca",
      "cluster": 2,
      "avg_received": -2.5469,
      "std_received": 3.7892,
      "contradictions": 9,
      "pos_received": 5.99,
      "top_love": [
        {
          "name": "Jordana",
          "score": 2.18
        },
        {
          "name": "Jonas Sulzbach",
          "score": 1.56
        },
        {
          "name": "Alberto Cowboy",
          "score": 1.55
        }
      ],
      "top_hate": [
        {
          "name": "Juliano Floss",
          "score": -10.56
        },
        {
          "name": "Leandro",
          "score": -5.97
        },
        {
          "name": "Ana Paula Renault",
          "score": -5.88
        }
      ]
    },
    {
      "name": "Milena",
      "grupo": "Pipoca",
      "cluster": 1,
      "avg_received": -2.9773,
      "std_received": 5.5132,
      "contradictions": 1,
      "pos_received": 7.032,
      "top_love": [
        {
          "name": "Ana Paula Renault",
          "score": 2.2
        },
        {
          "name": "Juliano Floss",
          "score": 2.12
        },
        {
          "name": "Samira",
          "score": 1.92
        }
      ],
      "top_hate": [
        {
          "name": "Jonas Sulzbach",
          "score": -14.42
        },
        {
          "name": "Alberto Cowboy",
          "score": -13.11
        },
        {
          "name": "Gabriela",
          "score": -3.86
        }
      ]
    },
    {
      "name": "Samira",
      "grupo": "Pipoca",
      "cluster": 1,
      "avg_received": -1.6465,
      "std_received": 2.08,
      "contradictions": 9,
      "pos_received": 2.32,
      "top_love": [
        {
          "name": "Ana Paula Renault",
          "score": 0.84
        },
        {
          "name": "Leandro",
          "score": 0.75
        },
        {
          "name": "Milena",
          "score": 0.69
        }
      ],
      "top_hate": [
        {
          "name": "Jordana",
          "score": -4.74
        },
        {
          "name": "Marciele",
          "score": -4.62
        },
        {
          "name": "Jonas Sulzbach",
          "score": -3.51
        }
      ]
    },
    {
      "name": "Solange Couto",
      "grupo": "Camarote",
      "cluster": 1,
      "avg_received": -3.0233,
      "std_received": 3.2578,
      "contradictions": 15,
      "pos_received": 3.02,
      "top_love": [
        {
          "name": "Leandro",
          "score": 1.2
        },
        {
          "name": "Chaiany",
          "score": 1.13
        },
        {
          "name": "Juliano Floss",
          "score": 0.69
        }
      ],
      "top_hate": [
        {
          "name": "Jordana",
          "score": -8.71
        },
        {
          "name": "Ana Paula Renault",
          "score": -6.5
        },
        {
          "name": "Gabriela",
          "score": -6.36
        }
      ]
    }
  ],
  "score_matrix_ordered": [
    [
      0.0,
      1.1,
      -1.3495,
      0.45,
      1.6,
      -3.445,
      0.915,
      3.31,
      -3.5225,
      -1.97,
      -9.938,
      -2.0562
    ],
    [
      1.1,
      0.0,
      1.543,
      -1.563,
      1.25,
      1.088,
      0.895,
      -4.9425,
      -7.6212,
      -8.546,
      -2.47,
      -9.88
    ],
    [
      -1.3495,
      1.543,
      0.0,
      1.305,
      -0.037,
      2.755,
      -3.0,
      -3.577,
      -12.243,
      -14.156,
      -5.26,
      -2.525
    ],
    [
      0.45,
      -1.563,
      1.305,
      0.0,
      -0.275,
      1.42,
      -3.085,
      -0.815,
      -3.21,
      -4.053,
      -5.648,
      -4.23
    ],
    [
      1.6,
      1.25,
      -0.037,
      -0.275,
      0.0,
      -3.065,
      1.25,
      -8.493,
      -11.808,
      -8.1755,
      -6.833,
      -5.783
    ],
    [
      -3.445,
      1.088,
      2.755,
      1.42,
      -3.065,
      0.0,
      -5.298,
      -2.0745,
      -7.527,
      -6.3,
      -3.39,
      -4.685
    ],
    [
      0.915,
      0.895,
      -3.0,
      -3.085,
      1.25,
      -5.298,
      0.0,
      -6.355,
      -1.83,
      -1.22,
      -6.905,
      -3.575
    ],
    [
      3.31,
      -4.9425,
      -3.577,
      -0.815,
      -8.493,
      -2.0745,
      -6.355,
      0.0,
      -0.245,
      -1.56,
      -0.1325,
      -0.19
    ],
    [
      -3.5225,
      -7.6212,
      -12.243,
      -3.21,
      -11.808,
      -7.527,
      -1.83,
      -0.245,
      0.0,
      2.68,
      1.475,
      1.425
    ],
    [
      -1.97,
      -8.546,
      -14.156,
      -4.053,
      -8.1755,
      -6.3,
      -1.22,
      -1.56,
      2.68,
      0.0,
      1.2,
      0.945
    ],
    [
      -9.938,
      -2.47,
      -5.26,
      -5.648,
      -6.833,
      -3.39,
      -6.905,
      -0.1325,
      1.475,
      1.2,
      0.0,
      1.495
    ],
    [
      -2.0562,
      -9.88,
      -2.525,
      -4.23,
      -5.783,
      -4.685,
      -3.575,
      -0.19,
      1.425,
      0.945,
      1.495,
      0.0
    ]
  ],
  "vote_matrix_ordered": [
    [
      0.0,
      0.5556,
      0.5556,
      0.25,
      0.6667,
      0.375,
      0.4444,
      0.0,
      0.0,
      0.0,
      0.0,
      0.0
    ],
    [
      0.5556,
      0.0,
      0.6667,
      0.5,
      0.6667,
      0.625,
      0.4444,
      0.0,
      0.0,
      0.0,
      0.0,
      0.0
    ],
    [
      0.5556,
      0.6667,
      0.0,
      0.5,
      0.6667,
      0.75,
      0.5556,
      0.1111,
      0.0,
      0.25,
      0.0,
      0.0
    ],
    [
      0.25,
      0.5,
      0.5,
      0.0,
      0.375,
      0.8571,
      0.5,
      0.375,
      0.25,
      1.0,
      0.25,
      0.375
    ],
    [
      0.6667,
      0.6667,
      0.6667,
      0.375,
      0.0,
      0.5,
      0.6667,
      0.0,
      0.0,
      0.0,
      0.0,
      0.0
    ],
    [
      0.375,
      0.625,
      0.75,
      0.8571,
      0.5,
      0.0,
      0.5,
      0.25,
      0.0,
      0.5,
      0.125,
      0.125
    ],
    [
      0.4444,
      0.4444,
      0.5556,
      0.5,
      0.6667,
      0.5,
      0.0,
      0.1111,
      0.0,
      0.25,
      0.0,
      0.0
    ],
    [
      0.0,
      0.0,
      0.1111,
      0.375,
      0.0,
      0.25,
      0.1111,
      0.0,
      0.8,
      1.0,
      0.5556,
      0.5556
    ],
    [
      0.0,
      0.0,
      0.0,
      0.25,
      0.0,
      0.0,
      0.0,
      0.8,
      0.0,
      1.0,
      0.8,
      0.8
    ],
    [
      0.0,
      0.0,
      0.25,
      1.0,
      0.0,
      0.5,
      0.25,
      1.0,
      1.0,
      0.0,
      0.75,
      0.75
    ],
    [
      0.0,
      0.0,
      0.0,
      0.25,
      0.0,
      0.125,
      0.0,
      0.5556,
      0.8,
      0.75,
      0.0,
      0.7778
    ],
    [
      0.0,
      0.0,
      0.0,
      0.375,
      0.0,
      0.125,
      0.0,
      0.5556,
      0.8,
      0.75,
      0.7778,
      0.0
    ]
  ]
}