{
  "_metadata": {
    "generated_at": "2026-02-18T01:42:45.691426+00:00",
    "date": "2026-02-17",
    "week": 6,
    "reference_date": "2026-02-17",
    "n_active": 15,
    "n_clusters": 2,
    "n_paredoes": 5,
    "n_contradictions": 27,
    "n_tensions": 1,
    "silhouette_coefficient": 0.4082,
    "resolution_used": 0.5,
    "best_cohesion": {
      "label": 2,
      "name": "Grupo Misto A",
      "score": 0.7743
    },
    "worst_rivalry": {
      "key": "1<>2",
      "score": -1.8455,
      "text": "Grupo Misto vs Grupo Misto A"
    }
  },
  "active_names": [
    "Alberto Cowboy",
    "Ana Paula Renault",
    "Babu Santana",
    "Breno",
    "Chaiany",
    "Gabriela",
    "Jonas Sulzbach",
    "Jordana",
    "Juliano Floss",
    "Leandro",
    "Marciele",
    "Maxiane",
    "Milena",
    "Samira",
    "Solange Couto"
  ],
  "cluster_order": [
    "Babu Santana",
    "Chaiany",
    "Leandro",
    "Juliano Floss",
    "Solange Couto",
    "Milena",
    "Ana Paula Renault",
    "Breno",
    "Samira",
    "Jordana",
    "Jonas Sulzbach",
    "Marciele",
    "Alberto Cowboy",
    "Maxiane",
    "Gabriela"
  ],
  "communities": [
    {
      "label": 1,
      "name": "Grupo Misto",
      "color": "#e74c3c",
      "members": [
        "Ana Paula Renault",
        "Babu Santana",
        "Breno",
        "Chaiany",
        "Juliano Floss",
        "Leandro",
        "Milena",
        "Samira",
        "Solange Couto"
      ],
      "group_composition": {
        "Pipoca": 5,
        "Veterano": 2,
        "Camarote": 2
      },
      "cohesion": 0.6196,
      "best_external": {
        "label": 2,
        "name": "Grupo Misto A",
        "score": -1.8455
      },
      "worst_external": {
        "label": 2,
        "name": "Grupo Misto A",
        "score": -1.8455
      }
    },
    {
      "label": 2,
      "name": "Grupo Misto A",
      "color": "#3498db",
      "members": [
        "Alberto Cowboy",
        "Gabriela",
        "Jonas Sulzbach",
        "Jordana",
        "Marciele",
        "Maxiane"
      ],
      "group_composition": {
        "Pipoca": 4,
        "Veterano": 2
      },
      "cohesion": 0.7743,
      "best_external": {
        "label": 1,
        "name": "Grupo Misto",
        "score": -1.8455
      },
      "worst_external": {
        "label": 1,
        "name": "Grupo Misto",
        "score": -1.8455
      }
    }
  ],
  "inter_cluster": [
    {
      "cluster_a": 1,
      "cluster_b": 2,
      "name_a": "Grupo Misto",
      "name_b": "Grupo Misto A",
      "score_sym": -1.8455,
      "score_a_to_b": -1.8358,
      "score_b_to_a": -1.8552,
      "vote_alignment": 0.1253
    }
  ],
  "polarization": [
    {
      "name": "Alberto Cowboy",
      "grupo": "Veterano",
      "cluster": 2,
      "avg_received": -1.2562,
      "std_received": 2.3475,
      "contradictions": 1,
      "pos_received": 4.35,
      "top_love": [
        {
          "name": "Jonas Sulzbach",
          "score": 1.65
        },
        {
          "name": "Jordana",
          "score": 1.0
        },
        {
          "name": "Marciele",
          "score": 1.0
        }
      ],
      "top_hate": [
        {
          "name": "Leandro",
          "score": -7.92
        },
        {
          "name": "Milena",
          "score": -4.04
        },
        {
          "name": "Ana Paula Renault",
          "score": -2.28
        }
      ]
    },
    {
      "name": "Ana Paula Renault",
      "grupo": "Veterano",
      "cluster": 1,
      "avg_received": -0.3866,
      "std_received": 1.9061,
      "contradictions": 0,
      "pos_received": 7.16,
      "top_love": [
        {
          "name": "Milena",
          "score": 1.5
        },
        {
          "name": "Samira",
          "score": 1.3
        },
        {
          "name": "Babu Santana",
          "score": 0.86
        }
      ],
      "top_hate": [
        {
          "name": "Maxiane",
          "score": -6.09
        },
        {
          "name": "Alberto Cowboy",
          "score": -1.46
        },
        {
          "name": "Jordana",
          "score": -1.43
        }
      ]
    },
    {
      "name": "Babu Santana",
      "grupo": "Veterano",
      "cluster": 1,
      "avg_received": -0.3583,
      "std_received": 2.1392,
      "contradictions": 0,
      "pos_received": 7.48,
      "top_love": [
        {
          "name": "Juliano Floss",
          "score": 1.5
        },
        {
          "name": "Solange Couto",
          "score": 1.5
        },
        {
          "name": "Chaiany",
          "score": 1.0
        }
      ],
      "top_hate": [
        {
          "name": "Jonas Sulzbach",
          "score": -6.64
        },
        {
          "name": "Gabriela",
          "score": -3.35
        },
        {
          "name": "Jordana",
          "score": -1.32
        }
      ]
    },
    {
      "name": "Breno",
      "grupo": "Pipoca",
      "cluster": 1,
      "avg_received": 0.2939,
      "std_received": 1.0455,
      "contradictions": 1,
      "pos_received": 8.85,
      "top_love": [
        {
          "name": "Gabriela",
          "score": 1.3
        },
        {
          "name": "Babu Santana",
          "score": 1.2
        },
        {
          "name": "Maxiane",
          "score": 1.2
        }
      ],
      "top_hate": [
        {
          "name": "Ana Paula Renault",
          "score": -1.96
        },
        {
          "name": "Milena",
          "score": -1.45
        },
        {
          "name": "Alberto Cowboy",
          "score": -1.32
        }
      ]
    },
    {
      "name": "Chaiany",
      "grupo": "Pipoca",
      "cluster": 1,
      "avg_received": 0.2575,
      "std_received": 1.3388,
      "contradictions": 4,
      "pos_received": 10.09,
      "top_love": [
        {
          "name": "Gabriela",
          "score": 2.61
        },
        {
          "name": "Leandro",
          "score": 1.5
        },
        {
          "name": "Babu Santana",
          "score": 1.0
        }
      ],
      "top_hate": [
        {
          "name": "Alberto Cowboy",
          "score": -2.29
        },
        {
          "name": "Jonas Sulzbach",
          "score": -2.12
        },
        {
          "name": "Jordana",
          "score": -1.18
        }
      ]
    },
    {
      "name": "Gabriela",
      "grupo": "Pipoca",
      "cluster": 2,
      "avg_received": -0.6175,
      "std_received": 1.3746,
      "contradictions": 5,
      "pos_received": 4.83,
      "top_love": [
        {
          "name": "Chaiany",
          "score": 1.5
        },
        {
          "name": "Jonas Sulzbach",
          "score": 1.2
        },
        {
          "name": "Alberto Cowboy",
          "score": 1.0
        }
      ],
      "top_hate": [
        {
          "name": "Maxiane",
          "score": -2.52
        },
        {
          "name": "Babu Santana",
          "score": -2.29
        },
        {
          "name": "Leandro",
          "score": -2.1
        }
      ]
    },
    {
      "name": "Jonas Sulzbach",
      "grupo": "Veterano",
      "cluster": 2,
      "avg_received": -1.1676,
      "std_received": 2.3656,
      "contradictions": 0,
      "pos_received": 5.1,
      "top_love": [
        {
          "name": "Alberto Cowboy",
          "score": 1.35
        },
        {
          "name": "Gabriela",
          "score": 1.0
        },
        {
          "name": "Jordana",
          "score": 1.0
        }
      ],
      "top_hate": [
        {
          "name": "Babu Santana",
          "score": -7.18
        },
        {
          "name": "Juliano Floss",
          "score": -3.91
        },
        {
          "name": "Leandro",
          "score": -3.8
        }
      ]
    },
    {
      "name": "Jordana",
      "grupo": "Pipoca",
      "cluster": 2,
      "avg_received": -1.7321,
      "std_received": 2.1737,
      "contradictions": 2,
      "pos_received": 5.53,
      "top_love": [
        {
          "name": "Maxiane",
          "score": 1.38
        },
        {
          "name": "Gabriela",
          "score": 1.15
        },
        {
          "name": "Alberto Cowboy",
          "score": 1.0
        }
      ],
      "top_hate": [
        {
          "name": "Ana Paula Renault",
          "score": -4.76
        },
        {
          "name": "Babu Santana",
          "score": -3.59
        },
        {
          "name": "Samira",
          "score": -3.46
        }
      ]
    },
    {
      "name": "Juliano Floss",
      "grupo": "Camarote",
      "cluster": 1,
      "avg_received": -0.5351,
      "std_received": 1.6301,
      "contradictions": 0,
      "pos_received": 6.18,
      "top_love": [
        {
          "name": "Babu Santana",
          "score": 1.2
        },
        {
          "name": "Chaiany",
          "score": 1.0
        },
        {
          "name": "Leandro",
          "score": 1.0
        }
      ],
      "top_hate": [
        {
          "name": "Marciele",
          "score": -4.1
        },
        {
          "name": "Jonas Sulzbach",
          "score": -2.7
        },
        {
          "name": "Gabriela",
          "score": -2.21
        }
      ]
    },
    {
      "name": "Leandro",
      "grupo": "Pipoca",
      "cluster": 1,
      "avg_received": -1.2679,
      "std_received": 2.8633,
      "contradictions": 1,
      "pos_received": 5.98,
      "top_love": [
        {
          "name": "Babu Santana",
          "score": 1.0
        },
        {
          "name": "Chaiany",
          "score": 1.0
        },
        {
          "name": "Juliano Floss",
          "score": 1.0
        }
      ],
      "top_hate": [
        {
          "name": "Alberto Cowboy",
          "score": -9.36
        },
        {
          "name": "Jordana",
          "score": -3.91
        },
        {
          "name": "Gabriela",
          "score": -3.54
        }
      ]
    },
    {
      "name": "Marciele",
      "grupo": "Pipoca",
      "cluster": 2,
      "avg_received": -0.1443,
      "std_received": 1.0766,
      "contradictions": 1,
      "pos_received": 5.66,
      "top_love": [
        {
          "name": "Jordana",
          "score": 1.5
        },
        {
          "name": "Maxiane",
          "score": 1.5
        },
        {
          "name": "Alberto Cowboy",
          "score": 1.2
        }
      ],
      "top_hate": [
        {
          "name": "Ana Paula Renault",
          "score": -1.64
        },
        {
          "name": "Milena",
          "score": -1.64
        },
        {
          "name": "Juliano Floss",
          "score": -1.36
        }
      ]
    },
    {
      "name": "Maxiane",
      "grupo": "Pipoca",
      "cluster": 2,
      "avg_received": -0.504,
      "std_received": 1.4144,
      "contradictions": 2,
      "pos_received": 4.54,
      "top_love": [
        {
          "name": "Marciele",
          "score": 1.5
        },
        {
          "name": "Jordana",
          "score": 1.36
        },
        {
          "name": "Jonas Sulzbach",
          "score": 0.87
        }
      ],
      "top_hate": [
        {
          "name": "Ana Paula Renault",
          "score": -4.22
        },
        {
          "name": "Milena",
          "score": -1.96
        },
        {
          "name": "Babu Santana",
          "score": -1.11
        }
      ]
    },
    {
      "name": "Milena",
      "grupo": "Pipoca",
      "cluster": 1,
      "avg_received": -0.7106,
      "std_received": 2.3852,
      "contradictions": 1,
      "pos_received": 7.974,
      "top_love": [
        {
          "name": "Babu Santana",
          "score": 2.02
        },
        {
          "name": "Juliano Floss",
          "score": 1.82
        },
        {
          "name": "Ana Paula Renault",
          "score": 1.5
        }
      ],
      "top_hate": [
        {
          "name": "Alberto Cowboy",
          "score": -7.54
        },
        {
          "name": "Jonas Sulzbach",
          "score": -2.36
        },
        {
          "name": "Maxiane",
          "score": -2.28
        }
      ]
    },
    {
      "name": "Samira",
      "grupo": "Pipoca",
      "cluster": 1,
      "avg_received": -0.7961,
      "std_received": 1.4307,
      "contradictions": 3,
      "pos_received": 3.22,
      "top_love": [
        {
          "name": "Chaiany",
          "score": 1.0
        },
        {
          "name": "Babu Santana",
          "score": 0.97
        },
        {
          "name": "Breno",
          "score": 0.91
        }
      ],
      "top_hate": [
        {
          "name": "Jordana",
          "score": -3.78
        },
        {
          "name": "Marciele",
          "score": -2.48
        },
        {
          "name": "Juliano Floss",
          "score": -2.39
        }
      ]
    },
    {
      "name": "Solange Couto",
      "grupo": "Camarote",
      "cluster": 1,
      "avg_received": -0.4661,
      "std_received": 1.6457,
      "contradictions": 5,
      "pos_received": 6.36,
      "top_love": [
        {
          "name": "Babu Santana",
          "score": 1.7
        },
        {
          "name": "Chaiany",
          "score": 1.0
        },
        {
          "name": "Juliano Floss",
          "score": 1.0
        }
      ],
      "top_hate": [
        {
          "name": "Maxiane",
          "score": -3.07
        },
        {
          "name": "Jordana",
          "score": -2.97
        },
        {
          "name": "Marciele",
          "score": -2.5
        }
      ]
    }
  ],
  "score_matrix_ordered": [
    [
      0.0,
      1.0,
      1.0,
      1.35,
      1.6,
      1.268,
      0.688,
      1.07,
      0.735,
      -2.455,
      -6.906,
      -0.6375,
      -0.7725,
      -0.89,
      -2.8225
    ],
    [
      1.0,
      0.0,
      1.25,
      1.0,
      1.0,
      0.688,
      0.688,
      0.97,
      1.0,
      -2.125,
      -1.4,
      -0.485,
      -1.305,
      -0.4325,
      2.055
    ],
    [
      1.0,
      1.25,
      0.0,
      1.0,
      1.0,
      0.688,
      0.688,
      0.97,
      -0.54,
      -3.605,
      -3.4,
      -1.645,
      -8.638,
      -0.5925,
      -2.8175
    ],
    [
      1.35,
      1.0,
      1.0,
      0.0,
      1.0,
      1.168,
      0.688,
      0.91,
      -1.733,
      -1.575,
      -3.303,
      -2.73,
      -1.7075,
      -1.15,
      -1.1325
    ],
    [
      1.6,
      1.0,
      1.0,
      1.0,
      0.0,
      -0.72,
      0.265,
      0.865,
      0.085,
      -2.955,
      -0.525,
      -1.525,
      -1.21,
      -2.09,
      -1.9525
    ],
    [
      1.268,
      0.688,
      0.688,
      1.168,
      -0.72,
      0.0,
      1.5,
      -1.3,
      0.455,
      -2.455,
      -2.157,
      -1.31,
      -5.79,
      -2.12,
      -0.437
    ],
    [
      0.688,
      0.688,
      0.688,
      0.688,
      0.265,
      1.5,
      0.0,
      -1.66,
      0.82,
      -3.0925,
      -1.767,
      -1.31,
      -1.872,
      -5.153,
      -0.697
    ],
    [
      1.07,
      0.97,
      0.97,
      0.91,
      0.865,
      -1.3,
      -1.66,
      0.0,
      0.85,
      -1.225,
      0.09,
      0.1925,
      -1.26,
      0.3275,
      0.715
    ],
    [
      0.735,
      1.0,
      -0.54,
      -1.733,
      0.085,
      0.455,
      0.82,
      0.85,
      0.0,
      -3.62,
      -0.68,
      -1.44,
      -1.11,
      -1.3725,
      -1.385
    ],
    [
      -2.455,
      -2.125,
      -3.605,
      -1.575,
      -2.955,
      -2.455,
      -3.0925,
      -1.225,
      -3.62,
      0.0,
      1.0,
      1.25,
      1.0,
      1.37,
      1.075
    ],
    [
      -6.906,
      -1.4,
      -3.4,
      -3.303,
      -0.525,
      -2.157,
      -1.767,
      0.09,
      -0.68,
      1.0,
      0.0,
      1.06,
      1.5,
      0.815,
      1.1
    ],
    [
      -0.6375,
      -0.485,
      -1.645,
      -2.73,
      -1.525,
      -1.31,
      -1.31,
      0.1925,
      -1.44,
      1.25,
      1.06,
      0.0,
      1.1,
      1.5,
      -0.495
    ],
    [
      -0.7725,
      -1.305,
      -8.638,
      -1.7075,
      -1.21,
      -5.79,
      -1.872,
      -1.26,
      -1.11,
      1.0,
      1.5,
      1.1,
      0.0,
      0.55,
      -0.155
    ],
    [
      -0.89,
      -0.4325,
      -0.5925,
      -1.15,
      -2.09,
      -2.12,
      -5.153,
      0.3275,
      -1.3725,
      1.37,
      0.815,
      1.5,
      0.55,
      0.0,
      -1.055
    ],
    [
      -2.8225,
      2.055,
      -2.8175,
      -1.1325,
      -1.9525,
      -0.437,
      -0.697,
      0.715,
      -1.385,
      1.075,
      1.1,
      -0.495,
      -0.155,
      -1.055,
      0.0
    ]
  ],
  "vote_matrix_ordered": [
    [
      0.0,
      0.75,
      0.75,
      1.0,
      0.5,
      0.75,
      0.75,
      0.75,
      0.5,
      0.0,
      0.0,
      0.0,
      0.0,
      0.0,
      0.0
    ],
    [
      0.75,
      0.0,
      0.8,
      0.8,
      0.4,
      0.8,
      0.75,
      0.8,
      0.4,
      0.0,
      0.0,
      0.0,
      0.0,
      0.0,
      0.0
    ],
    [
      0.75,
      0.8,
      0.0,
      0.8,
      0.4,
      0.8,
      0.75,
      0.8,
      0.4,
      0.0,
      0.0,
      0.0,
      0.0,
      0.0,
      0.0
    ],
    [
      1.0,
      0.8,
      0.8,
      0.0,
      0.4,
      0.8,
      0.75,
      0.8,
      0.4,
      0.0,
      0.0,
      0.0,
      0.0,
      0.0,
      0.0
    ],
    [
      0.5,
      0.4,
      0.4,
      0.4,
      0.0,
      0.6,
      0.75,
      0.6,
      0.6,
      0.0,
      0.5,
      0.0,
      0.0,
      0.25,
      0.2
    ],
    [
      0.75,
      0.8,
      0.8,
      0.8,
      0.6,
      0.0,
      1.0,
      1.0,
      0.6,
      0.0,
      0.5,
      0.0,
      0.0,
      0.25,
      0.2
    ],
    [
      0.75,
      0.75,
      0.75,
      0.75,
      0.75,
      1.0,
      0.0,
      1.0,
      0.75,
      0.0,
      0.5,
      0.0,
      0.0,
      0.3333,
      0.25
    ],
    [
      0.75,
      0.8,
      0.8,
      0.8,
      0.6,
      1.0,
      1.0,
      0.0,
      0.6,
      0.0,
      0.5,
      0.0,
      0.0,
      0.25,
      0.2
    ],
    [
      0.5,
      0.4,
      0.4,
      0.4,
      0.6,
      0.6,
      0.75,
      0.6,
      0.0,
      0.2,
      1.0,
      0.4,
      0.3333,
      0.5,
      0.4
    ],
    [
      0.0,
      0.0,
      0.0,
      0.0,
      0.0,
      0.0,
      0.0,
      0.0,
      0.2,
      0.0,
      0.5,
      0.6,
      0.6667,
      0.5,
      0.4
    ],
    [
      0.0,
      0.0,
      0.0,
      0.0,
      0.5,
      0.5,
      0.5,
      0.5,
      1.0,
      0.5,
      0.0,
      0.5,
      1.0,
      1.0,
      1.0
    ],
    [
      0.0,
      0.0,
      0.0,
      0.0,
      0.0,
      0.0,
      0.0,
      0.0,
      0.4,
      0.6,
      0.5,
      0.0,
      0.6667,
      0.75,
      0.4
    ],
    [
      0.0,
      0.0,
      0.0,
      0.0,
      0.0,
      0.0,
      0.0,
      0.0,
      0.3333,
      0.6667,
      1.0,
      0.6667,
      0.0,
      0.5,
      0.6667
    ],
    [
      0.0,
      0.0,
      0.0,
      0.0,
      0.25,
      0.25,
      0.3333,
      0.25,
      0.5,
      0.5,
      1.0,
      0.75,
      0.5,
      0.0,
      0.5
    ],
    [
      0.0,
      0.0,
      0.0,
      0.0,
      0.2,
      0.2,
      0.25,
      0.2,
      0.4,
      0.4,
      1.0,
      0.4,
      0.6667,
      0.5,
      0.0
    ]
  ]
}