{
  "_metadata": {
    "generated_at": "2026-02-27T23:13:39.043008+00:00",
    "date": "2026-02-27",
    "week": 7,
    "reference_date": "2026-02-27",
    "n_active": 14,
    "n_clusters": 2,
    "n_paredoes": 6,
    "n_contradictions": 29,
    "n_tensions": 1,
    "silhouette_coefficient": 0.4151,
    "resolution_used": 0.5,
    "best_cohesion": {
      "label": 2,
      "name": "Aliança Grupo Misto",
      "score": 1.5542
    },
    "worst_rivalry": {
      "key": "1<>2",
      "score": -3.1862,
      "text": "Frente Grupo Misto vs Aliança Grupo Misto"
    }
  },
  "active_names": [
    "Alberto Cowboy",
    "Ana Paula Renault",
    "Babu Santana",
    "Breno",
    "Chaiany",
    "Gabriela",
    "Jonas Sulzbach",
    "Jordana",
    "Juliano Floss",
    "Leandro",
    "Marciele",
    "Milena",
    "Samira",
    "Solange Couto"
  ],
  "cluster_order": [
    "Chaiany",
    "Breno",
    "Juliano Floss",
    "Leandro",
    "Solange Couto",
    "Babu Santana",
    "Samira",
    "Milena",
    "Ana Paula Renault",
    "Gabriela",
    "Alberto Cowboy",
    "Jonas Sulzbach",
    "Marciele",
    "Jordana"
  ],
  "communities": [
    {
      "label": 1,
      "name": "Frente Grupo Misto",
      "color": "#e74c3c",
      "members": [
        "Ana Paula Renault",
        "Babu Santana",
        "Breno",
        "Chaiany",
        "Gabriela",
        "Juliano Floss",
        "Leandro",
        "Milena",
        "Samira",
        "Solange Couto"
      ],
      "group_composition": {
        "Pipoca": 6,
        "Veterano": 2,
        "Camarote": 2
      },
      "cohesion": -0.0231,
      "best_external": {
        "label": 2,
        "name": "Aliança Grupo Misto",
        "score": -3.1862
      },
      "worst_external": {
        "label": 2,
        "name": "Aliança Grupo Misto",
        "score": -3.1862
      }
    },
    {
      "label": 2,
      "name": "Aliança Grupo Misto",
      "color": "#3498db",
      "members": [
        "Alberto Cowboy",
        "Jonas Sulzbach",
        "Jordana",
        "Marciele"
      ],
      "group_composition": {
        "Veterano": 2,
        "Pipoca": 2
      },
      "cohesion": 1.5542,
      "best_external": {
        "label": 1,
        "name": "Frente Grupo Misto",
        "score": -3.1862
      },
      "worst_external": {
        "label": 1,
        "name": "Frente Grupo Misto",
        "score": -3.1862
      }
    }
  ],
  "inter_cluster": [
    {
      "cluster_a": 1,
      "cluster_b": 2,
      "name_a": "Frente Grupo Misto",
      "name_b": "Aliança Grupo Misto",
      "score_sym": -3.1862,
      "score_a_to_b": -3.4322,
      "score_b_to_a": -2.9402,
      "vote_alignment": 0.1625
    }
  ],
  "polarization": [
    {
      "name": "Alberto Cowboy",
      "grupo": "Veterano",
      "cluster": 2,
      "avg_received": -3.5725,
      "std_received": 3.7839,
      "contradictions": 0,
      "pos_received": 4.95,
      "top_love": [
        {
          "name": "Jonas Sulzbach",
          "score": 2.35
        },
        {
          "name": "Jordana",
          "score": 1.3
        },
        {
          "name": "Marciele",
          "score": 1.3
        }
      ],
      "top_hate": [
        {
          "name": "Leandro",
          "score": -11.28
        },
        {
          "name": "Milena",
          "score": -7.76
        },
        {
          "name": "Ana Paula Renault",
          "score": -5.94
        }
      ]
    },
    {
      "name": "Ana Paula Renault",
      "grupo": "Veterano",
      "cluster": 1,
      "avg_received": -0.8241,
      "std_received": 1.8178,
      "contradictions": 0,
      "pos_received": 6.412,
      "top_love": [
        {
          "name": "Milena",
          "score": 2.2
        },
        {
          "name": "Samira",
          "score": 2.0
        },
        {
          "name": "Juliano Floss",
          "score": 1.36
        }
      ],
      "top_hate": [
        {
          "name": "Jonas Sulzbach",
          "score": -3.28
        },
        {
          "name": "Alberto Cowboy",
          "score": -3.12
        },
        {
          "name": "Marciele",
          "score": -2.46
        }
      ]
    },
    {
      "name": "Babu Santana",
      "grupo": "Veterano",
      "cluster": 1,
      "avg_received": -0.8995,
      "std_received": 2.4301,
      "contradictions": 0,
      "pos_received": 7.205,
      "top_love": [
        {
          "name": "Solange Couto",
          "score": 2.2
        },
        {
          "name": "Leandro",
          "score": 1.7
        },
        {
          "name": "Chaiany",
          "score": 1.5
        }
      ],
      "top_hate": [
        {
          "name": "Jonas Sulzbach",
          "score": -6.27
        },
        {
          "name": "Gabriela",
          "score": -4.98
        },
        {
          "name": "Jordana",
          "score": -2.36
        }
      ]
    },
    {
      "name": "Breno",
      "grupo": "Pipoca",
      "cluster": 1,
      "avg_received": -0.1525,
      "std_received": 1.412,
      "contradictions": 1,
      "pos_received": 7.7375,
      "top_love": [
        {
          "name": "Samira",
          "score": 1.5
        },
        {
          "name": "Babu Santana",
          "score": 1.28
        },
        {
          "name": "Gabriela",
          "score": 1.2
        }
      ],
      "top_hate": [
        {
          "name": "Alberto Cowboy",
          "score": -2.23
        },
        {
          "name": "Milena",
          "score": -1.86
        },
        {
          "name": "Ana Paula Renault",
          "score": -1.83
        }
      ]
    },
    {
      "name": "Chaiany",
      "grupo": "Pipoca",
      "cluster": 1,
      "avg_received": -0.1037,
      "std_received": 1.9969,
      "contradictions": 4,
      "pos_received": 10.47,
      "top_love": [
        {
          "name": "Gabriela",
          "score": 3.31
        },
        {
          "name": "Leandro",
          "score": 2.0
        },
        {
          "name": "Breno",
          "score": 1.5
        }
      ],
      "top_hate": [
        {
          "name": "Alberto Cowboy",
          "score": -3.94
        },
        {
          "name": "Milena",
          "score": -2.6
        },
        {
          "name": "Jordana",
          "score": -2.07
        }
      ]
    },
    {
      "name": "Gabriela",
      "grupo": "Pipoca",
      "cluster": 1,
      "avg_received": -0.8942,
      "std_received": 1.901,
      "contradictions": 8,
      "pos_received": 5.78,
      "top_love": [
        {
          "name": "Chaiany",
          "score": 3.16
        },
        {
          "name": "Jonas Sulzbach",
          "score": 1.3
        },
        {
          "name": "Breno",
          "score": 0.73
        }
      ],
      "top_hate": [
        {
          "name": "Babu Santana",
          "score": -3.83
        },
        {
          "name": "Leandro",
          "score": -3.1
        },
        {
          "name": "Solange Couto",
          "score": -2.57
        }
      ]
    },
    {
      "name": "Jonas Sulzbach",
      "grupo": "Veterano",
      "cluster": 2,
      "avg_received": -2.1928,
      "std_received": 3.268,
      "contradictions": 0,
      "pos_received": 5.65,
      "top_love": [
        {
          "name": "Alberto Cowboy",
          "score": 2.05
        },
        {
          "name": "Gabriela",
          "score": 1.2
        },
        {
          "name": "Jordana",
          "score": 1.2
        }
      ],
      "top_hate": [
        {
          "name": "Babu Santana",
          "score": -8.78
        },
        {
          "name": "Milena",
          "score": -5.96
        },
        {
          "name": "Juliano Floss",
          "score": -5.38
        }
      ]
    },
    {
      "name": "Jordana",
      "grupo": "Pipoca",
      "cluster": 2,
      "avg_received": -2.6738,
      "std_received": 2.6107,
      "contradictions": 2,
      "pos_received": 4.235,
      "top_love": [
        {
          "name": "Alberto Cowboy",
          "score": 1.5
        },
        {
          "name": "Marciele",
          "score": 1.5
        },
        {
          "name": "Jonas Sulzbach",
          "score": 1.2
        }
      ],
      "top_hate": [
        {
          "name": "Milena",
          "score": -5.44
        },
        {
          "name": "Babu Santana",
          "score": -5.08
        },
        {
          "name": "Chaiany",
          "score": -5.01
        }
      ]
    },
    {
      "name": "Juliano Floss",
      "grupo": "Camarote",
      "cluster": 1,
      "avg_received": -1.2946,
      "std_received": 2.9548,
      "contradictions": 2,
      "pos_received": 7.22,
      "top_love": [
        {
          "name": "Babu Santana",
          "score": 1.4
        },
        {
          "name": "Leandro",
          "score": 1.3
        },
        {
          "name": "Breno",
          "score": 1.1
        }
      ],
      "top_hate": [
        {
          "name": "Marciele",
          "score": -7.76
        },
        {
          "name": "Alberto Cowboy",
          "score": -5.8
        },
        {
          "name": "Jonas Sulzbach",
          "score": -3.88
        }
      ]
    },
    {
      "name": "Leandro",
      "grupo": "Pipoca",
      "cluster": 1,
      "avg_received": -1.7896,
      "std_received": 3.2551,
      "contradictions": 0,
      "pos_received": 6.4,
      "top_love": [
        {
          "name": "Babu Santana",
          "score": 1.5
        },
        {
          "name": "Solange Couto",
          "score": 1.3
        },
        {
          "name": "Breno",
          "score": 1.2
        }
      ],
      "top_hate": [
        {
          "name": "Alberto Cowboy",
          "score": -10.22
        },
        {
          "name": "Jordana",
          "score": -4.44
        },
        {
          "name": "Gabriela",
          "score": -4.27
        }
      ]
    },
    {
      "name": "Marciele",
      "grupo": "Pipoca",
      "cluster": 2,
      "avg_received": -0.6869,
      "std_received": 1.5972,
      "contradictions": 1,
      "pos_received": 5.75,
      "top_love": [
        {
          "name": "Jordana",
          "score": 2.0
        },
        {
          "name": "Jonas Sulzbach",
          "score": 1.65
        },
        {
          "name": "Alberto Cowboy",
          "score": 1.4
        }
      ],
      "top_hate": [
        {
          "name": "Ana Paula Renault",
          "score": -3.26
        },
        {
          "name": "Juliano Floss",
          "score": -2.64
        },
        {
          "name": "Samira",
          "score": -2.16
        }
      ]
    },
    {
      "name": "Milena",
      "grupo": "Pipoca",
      "cluster": 1,
      "avg_received": -1.6256,
      "std_received": 3.3965,
      "contradictions": 1,
      "pos_received": 7.693,
      "top_love": [
        {
          "name": "Ana Paula Renault",
          "score": 2.2
        },
        {
          "name": "Juliano Floss",
          "score": 2.12
        },
        {
          "name": "Samira",
          "score": 1.92
        }
      ],
      "top_hate": [
        {
          "name": "Alberto Cowboy",
          "score": -9.2
        },
        {
          "name": "Jonas Sulzbach",
          "score": -7.74
        },
        {
          "name": "Jordana",
          "score": -3.14
        }
      ]
    },
    {
      "name": "Samira",
      "grupo": "Pipoca",
      "cluster": 1,
      "avg_received": -1.1135,
      "std_received": 1.8088,
      "contradictions": 2,
      "pos_received": 3.44,
      "top_love": [
        {
          "name": "Breno",
          "score": 1.7
        },
        {
          "name": "Ana Paula Renault",
          "score": 0.84
        },
        {
          "name": "Milena",
          "score": 0.54
        }
      ],
      "top_hate": [
        {
          "name": "Marciele",
          "score": -4.16
        },
        {
          "name": "Jordana",
          "score": -4.07
        },
        {
          "name": "Alberto Cowboy",
          "score": -3.38
        }
      ]
    },
    {
      "name": "Solange Couto",
      "grupo": "Camarote",
      "cluster": 1,
      "avg_received": -0.5096,
      "std_received": 1.9059,
      "contradictions": 5,
      "pos_received": 7.74,
      "top_love": [
        {
          "name": "Babu Santana",
          "score": 2.4
        },
        {
          "name": "Chaiany",
          "score": 1.3
        },
        {
          "name": "Leandro",
          "score": 1.2
        }
      ],
      "top_hate": [
        {
          "name": "Jordana",
          "score": -4.04
        },
        {
          "name": "Alberto Cowboy",
          "score": -2.89
        },
        {
          "name": "Marciele",
          "score": -2.6
        }
      ]
    }
  ],
  "score_matrix_ordered": [
    [
      0.0,
      1.25,
      0.815,
      1.6,
      1.4,
      1.4,
      -0.12,
      -2.227,
      -1.6445,
      3.235,
      -2.01,
      -0.575,
      -0.8962,
      -3.5425
    ],
    [
      1.25,
      0.0,
      1.05,
      1.15,
      0.83,
      1.2138,
      1.6,
      -1.545,
      -1.705,
      0.965,
      -3.655,
      -1.08,
      -1.55,
      -2.5275
    ],
    [
      0.815,
      1.05,
      0.0,
      1.25,
      0.79,
      1.0275,
      -1.563,
      1.468,
      1.088,
      -2.4825,
      -5.5762,
      -4.6255,
      -5.2,
      -2.505
    ],
    [
      1.6,
      1.15,
      1.25,
      0.0,
      1.25,
      1.6,
      -1.595,
      0.0805,
      -0.207,
      -3.685,
      -10.748,
      -4.42,
      -1.85,
      -4.52
    ],
    [
      1.4,
      0.83,
      0.79,
      1.25,
      0.0,
      2.3,
      -1.015,
      -1.24,
      -0.8,
      -2.305,
      -3.36,
      -0.045,
      -1.625,
      -3.9275
    ],
    [
      1.4,
      1.2138,
      1.0275,
      1.6,
      2.3,
      0.0,
      -0.675,
      -0.3345,
      -1.3533,
      -4.4075,
      -2.655,
      -7.521,
      -0.89,
      -3.72
    ],
    [
      -0.12,
      1.6,
      -1.563,
      -1.595,
      -1.015,
      -0.675,
      0.0,
      1.23,
      1.42,
      -0.255,
      -4.11,
      -1.475,
      -3.16,
      -3.9125
    ],
    [
      -2.227,
      -1.545,
      1.468,
      0.0805,
      -1.24,
      -0.3345,
      1.23,
      0.0,
      2.2,
      -1.882,
      -8.48,
      -6.85,
      -1.615,
      -4.29
    ],
    [
      -1.6445,
      -1.705,
      1.088,
      -0.207,
      -0.8,
      -1.3533,
      1.42,
      2.2,
      0.0,
      -2.212,
      -4.532,
      -3.732,
      -2.86,
      -3.395
    ],
    [
      3.235,
      0.965,
      -2.4825,
      -3.685,
      -2.305,
      -4.4075,
      -0.255,
      -1.882,
      -2.212,
      0.0,
      -1.0325,
      1.25,
      -0.19,
      -0.04
    ],
    [
      -2.01,
      -3.655,
      -5.5762,
      -10.748,
      -3.36,
      -2.655,
      -4.11,
      -8.48,
      -4.532,
      -1.0325,
      0.0,
      2.2,
      1.35,
      1.4
    ],
    [
      -0.575,
      -1.08,
      -4.6255,
      -4.42,
      -0.045,
      -7.521,
      -1.475,
      -6.85,
      -3.732,
      1.25,
      2.2,
      0.0,
      1.425,
      1.2
    ],
    [
      -0.8962,
      -1.55,
      -5.2,
      -1.85,
      -1.625,
      -0.89,
      -3.16,
      -1.615,
      -2.86,
      -0.19,
      1.35,
      1.425,
      0.0,
      1.75
    ],
    [
      -3.5425,
      -2.5275,
      -2.505,
      -4.52,
      -3.9275,
      -3.72,
      -3.9125,
      -4.29,
      -3.395,
      -0.04,
      1.4,
      1.2,
      1.75,
      0.0
    ]
  ],
  "vote_matrix_ordered": [
    [
      0.0,
      0.6667,
      0.6667,
      0.6667,
      0.3333,
      0.6,
      0.3333,
      0.6667,
      0.6,
      0.0,
      0.0,
      0.0,
      0.0,
      0.0
    ],
    [
      0.6667,
      0.0,
      0.8333,
      0.8333,
      0.6667,
      0.8,
      0.6667,
      1.0,
      1.0,
      0.1667,
      0.0,
      0.5,
      0.0,
      0.0
    ],
    [
      0.6667,
      0.8333,
      0.0,
      0.8333,
      0.5,
      1.0,
      0.5,
      0.8333,
      0.8,
      0.0,
      0.0,
      0.0,
      0.0,
      0.0
    ],
    [
      0.6667,
      0.8333,
      0.8333,
      0.0,
      0.5,
      0.8,
      0.5,
      0.8333,
      0.8,
      0.0,
      0.0,
      0.0,
      0.0,
      0.0
    ],
    [
      0.3333,
      0.6667,
      0.5,
      0.5,
      0.0,
      0.6,
      0.6667,
      0.6667,
      0.8,
      0.1667,
      0.0,
      0.5,
      0.0,
      0.0
    ],
    [
      0.6,
      0.8,
      1.0,
      0.8,
      0.6,
      0.0,
      0.6,
      0.8,
      0.8,
      0.0,
      0.0,
      0.0,
      0.0,
      0.0
    ],
    [
      0.3333,
      0.6667,
      0.5,
      0.5,
      0.6667,
      0.6,
      0.0,
      0.6667,
      0.8,
      0.3333,
      0.25,
      1.0,
      0.3333,
      0.1667
    ],
    [
      0.6667,
      1.0,
      0.8333,
      0.8333,
      0.6667,
      0.8,
      0.6667,
      0.0,
      1.0,
      0.1667,
      0.0,
      0.5,
      0.0,
      0.0
    ],
    [
      0.6,
      1.0,
      0.8,
      0.8,
      0.8,
      0.8,
      0.8,
      1.0,
      0.0,
      0.2,
      0.0,
      0.5,
      0.0,
      0.0
    ],
    [
      0.0,
      0.1667,
      0.0,
      0.0,
      0.1667,
      0.0,
      0.3333,
      0.1667,
      0.2,
      0.0,
      0.75,
      1.0,
      0.5,
      0.5
    ],
    [
      0.0,
      0.0,
      0.0,
      0.0,
      0.0,
      0.0,
      0.25,
      0.0,
      0.0,
      0.75,
      0.0,
      1.0,
      0.75,
      0.75
    ],
    [
      0.0,
      0.5,
      0.0,
      0.0,
      0.5,
      0.0,
      1.0,
      0.5,
      0.5,
      1.0,
      1.0,
      0.0,
      0.5,
      0.5
    ],
    [
      0.0,
      0.0,
      0.0,
      0.0,
      0.0,
      0.0,
      0.3333,
      0.0,
      0.0,
      0.5,
      0.75,
      0.5,
      0.0,
      0.6667
    ],
    [
      0.0,
      0.0,
      0.0,
      0.0,
      0.0,
      0.0,
      0.1667,
      0.0,
      0.0,
      0.5,
      0.75,
      0.5,
      0.6667,
      0.0
    ]
  ]
}