{
  "_metadata": {
    "generated_at": "2026-03-03T04:34:25.725814+00:00",
    "date": "2026-03-02",
    "week": 7,
    "reference_date": "2026-03-02",
    "n_active": 14,
    "n_clusters": 2,
    "n_paredoes": 6,
    "n_contradictions": 36,
    "n_tensions": 1,
    "silhouette_coefficient": 0.4119,
    "resolution_used": 0.5,
    "best_cohesion": {
      "label": 2,
      "name": "Aliança Grupo Misto",
      "score": 1.6592
    },
    "worst_rivalry": {
      "key": "1<>2",
      "score": -3.5888,
      "text": "Frente Grupo Misto vs Aliança Grupo Misto"
    }
  },
  "active_names": [
    "Alberto Cowboy",
    "Ana Paula Renault",
    "Babu Santana",
    "Breno",
    "Chaiany",
    "Gabriela",
    "Jonas Sulzbach",
    "Jordana",
    "Juliano Floss",
    "Leandro",
    "Marciele",
    "Milena",
    "Samira",
    "Solange Couto"
  ],
  "cluster_order": [
    "Chaiany",
    "Juliano Floss",
    "Breno",
    "Leandro",
    "Solange Couto",
    "Babu Santana",
    "Samira",
    "Milena",
    "Ana Paula Renault",
    "Gabriela",
    "Alberto Cowboy",
    "Jonas Sulzbach",
    "Marciele",
    "Jordana"
  ],
  "communities": [
    {
      "label": 1,
      "name": "Frente Grupo Misto",
      "color": "#e74c3c",
      "members": [
        "Ana Paula Renault",
        "Babu Santana",
        "Breno",
        "Chaiany",
        "Gabriela",
        "Juliano Floss",
        "Leandro",
        "Milena",
        "Samira",
        "Solange Couto"
      ],
      "group_composition": {
        "Pipoca": 6,
        "Veterano": 2,
        "Camarote": 2
      },
      "cohesion": -0.2267,
      "best_external": {
        "label": 2,
        "name": "Aliança Grupo Misto",
        "score": -3.5888
      },
      "worst_external": {
        "label": 2,
        "name": "Aliança Grupo Misto",
        "score": -3.5888
      }
    },
    {
      "label": 2,
      "name": "Aliança Grupo Misto",
      "color": "#3498db",
      "members": [
        "Alberto Cowboy",
        "Jonas Sulzbach",
        "Jordana",
        "Marciele"
      ],
      "group_composition": {
        "Veterano": 2,
        "Pipoca": 2
      },
      "cohesion": 1.6592,
      "best_external": {
        "label": 1,
        "name": "Frente Grupo Misto",
        "score": -3.5888
      },
      "worst_external": {
        "label": 1,
        "name": "Frente Grupo Misto",
        "score": -3.5888
      }
    }
  ],
  "inter_cluster": [
    {
      "cluster_a": 1,
      "cluster_b": 2,
      "name_a": "Frente Grupo Misto",
      "name_b": "Aliança Grupo Misto",
      "score_sym": -3.5888,
      "score_a_to_b": -3.9026,
      "score_b_to_a": -3.275,
      "vote_alignment": 0.1625
    }
  ],
  "polarization": [
    {
      "name": "Alberto Cowboy",
      "grupo": "Veterano",
      "cluster": 2,
      "avg_received": -3.7048,
      "std_received": 4.0658,
      "contradictions": 3,
      "pos_received": 4.95,
      "top_love": [
        {
          "name": "Jonas Sulzbach",
          "score": 2.35
        },
        {
          "name": "Jordana",
          "score": 1.3
        },
        {
          "name": "Marciele",
          "score": 1.3
        }
      ],
      "top_hate": [
        {
          "name": "Leandro",
          "score": -11.28
        },
        {
          "name": "Breno",
          "score": -8.76
        },
        {
          "name": "Milena",
          "score": -7.76
        }
      ]
    },
    {
      "name": "Ana Paula Renault",
      "grupo": "Veterano",
      "cluster": 1,
      "avg_received": -1.0572,
      "std_received": 1.9043,
      "contradictions": 0,
      "pos_received": 5.792,
      "top_love": [
        {
          "name": "Milena",
          "score": 2.2
        },
        {
          "name": "Samira",
          "score": 1.43
        },
        {
          "name": "Juliano Floss",
          "score": 1.36
        }
      ],
      "top_hate": [
        {
          "name": "Alberto Cowboy",
          "score": -4.56
        },
        {
          "name": "Jonas Sulzbach",
          "score": -3.02
        },
        {
          "name": "Babu Santana",
          "score": -2.49
        }
      ]
    },
    {
      "name": "Babu Santana",
      "grupo": "Veterano",
      "cluster": 1,
      "avg_received": -1.2441,
      "std_received": 2.8676,
      "contradictions": 0,
      "pos_received": 8.69,
      "top_love": [
        {
          "name": "Solange Couto",
          "score": 2.2
        },
        {
          "name": "Juliano Floss",
          "score": 1.99
        },
        {
          "name": "Leandro",
          "score": 1.7
        }
      ],
      "top_hate": [
        {
          "name": "Jonas Sulzbach",
          "score": -6.53
        },
        {
          "name": "Gabriela",
          "score": -4.98
        },
        {
          "name": "Ana Paula Renault",
          "score": -4.63
        }
      ]
    },
    {
      "name": "Breno",
      "grupo": "Pipoca",
      "cluster": 1,
      "avg_received": -1.7226,
      "std_received": 3.0577,
      "contradictions": 2,
      "pos_received": 5.3075,
      "top_love": [
        {
          "name": "Babu Santana",
          "score": 1.28
        },
        {
          "name": "Leandro",
          "score": 1.1
        },
        {
          "name": "Chaiany",
          "score": 1.0
        }
      ],
      "top_hate": [
        {
          "name": "Jordana",
          "score": -7.91
        },
        {
          "name": "Alberto Cowboy",
          "score": -7.14
        },
        {
          "name": "Marciele",
          "score": -4.6
        }
      ]
    },
    {
      "name": "Chaiany",
      "grupo": "Pipoca",
      "cluster": 1,
      "avg_received": 0.0183,
      "std_received": 1.8462,
      "contradictions": 6,
      "pos_received": 10.51,
      "top_love": [
        {
          "name": "Gabriela",
          "score": 3.31
        },
        {
          "name": "Leandro",
          "score": 2.0
        },
        {
          "name": "Breno",
          "score": 1.5
        }
      ],
      "top_hate": [
        {
          "name": "Alberto Cowboy",
          "score": -3.14
        },
        {
          "name": "Milena",
          "score": -2.69
        },
        {
          "name": "Ana Paula Renault",
          "score": -1.69
        }
      ]
    },
    {
      "name": "Gabriela",
      "grupo": "Pipoca",
      "cluster": 1,
      "avg_received": -0.8746,
      "std_received": 2.0978,
      "contradictions": 9,
      "pos_received": 7.15,
      "top_love": [
        {
          "name": "Chaiany",
          "score": 3.31
        },
        {
          "name": "Jonas Sulzbach",
          "score": 1.3
        },
        {
          "name": "Jordana",
          "score": 0.89
        }
      ],
      "top_hate": [
        {
          "name": "Leandro",
          "score": -3.9
        },
        {
          "name": "Babu Santana",
          "score": -3.88
        },
        {
          "name": "Ana Paula Renault",
          "score": -2.64
        }
      ]
    },
    {
      "name": "Jonas Sulzbach",
      "grupo": "Veterano",
      "cluster": 2,
      "avg_received": -2.0555,
      "std_received": 3.4447,
      "contradictions": 0,
      "pos_received": 6.9,
      "top_love": [
        {
          "name": "Alberto Cowboy",
          "score": 3.01
        },
        {
          "name": "Gabriela",
          "score": 1.2
        },
        {
          "name": "Jordana",
          "score": 1.2
        }
      ],
      "top_hate": [
        {
          "name": "Babu Santana",
          "score": -8.78
        },
        {
          "name": "Milena",
          "score": -5.96
        },
        {
          "name": "Juliano Floss",
          "score": -5.64
        }
      ]
    },
    {
      "name": "Jordana",
      "grupo": "Pipoca",
      "cluster": 2,
      "avg_received": -3.1051,
      "std_received": 3.2574,
      "contradictions": 5,
      "pos_received": 5.39,
      "top_love": [
        {
          "name": "Alberto Cowboy",
          "score": 1.65
        },
        {
          "name": "Marciele",
          "score": 1.5
        },
        {
          "name": "Jonas Sulzbach",
          "score": 1.2
        }
      ],
      "top_hate": [
        {
          "name": "Samira",
          "score": -7.92
        },
        {
          "name": "Breno",
          "score": -7.23
        },
        {
          "name": "Milena",
          "score": -5.53
        }
      ]
    },
    {
      "name": "Juliano Floss",
      "grupo": "Camarote",
      "cluster": 1,
      "avg_received": -1.2973,
      "std_received": 3.0287,
      "contradictions": 2,
      "pos_received": 7.55,
      "top_love": [
        {
          "name": "Babu Santana",
          "score": 1.4
        },
        {
          "name": "Leandro",
          "score": 1.3
        },
        {
          "name": "Breno",
          "score": 1.1
        }
      ],
      "top_hate": [
        {
          "name": "Marciele",
          "score": -8.08
        },
        {
          "name": "Alberto Cowboy",
          "score": -5.8
        },
        {
          "name": "Jonas Sulzbach",
          "score": -3.88
        }
      ]
    },
    {
      "name": "Leandro",
      "grupo": "Pipoca",
      "cluster": 1,
      "avg_received": -1.7996,
      "std_received": 3.2641,
      "contradictions": 0,
      "pos_received": 6.4,
      "top_love": [
        {
          "name": "Babu Santana",
          "score": 1.5
        },
        {
          "name": "Solange Couto",
          "score": 1.3
        },
        {
          "name": "Breno",
          "score": 1.2
        }
      ],
      "top_hate": [
        {
          "name": "Alberto Cowboy",
          "score": -10.22
        },
        {
          "name": "Gabriela",
          "score": -4.59
        },
        {
          "name": "Jordana",
          "score": -4.24
        }
      ]
    },
    {
      "name": "Marciele",
      "grupo": "Pipoca",
      "cluster": 2,
      "avg_received": -1.6112,
      "std_received": 2.2921,
      "contradictions": 2,
      "pos_received": 5.9,
      "top_love": [
        {
          "name": "Jordana",
          "score": 2.0
        },
        {
          "name": "Jonas Sulzbach",
          "score": 1.65
        },
        {
          "name": "Alberto Cowboy",
          "score": 1.55
        }
      ],
      "top_hate": [
        {
          "name": "Juliano Floss",
          "score": -5.44
        },
        {
          "name": "Breno",
          "score": -3.91
        },
        {
          "name": "Ana Paula Renault",
          "score": -3.26
        }
      ]
    },
    {
      "name": "Milena",
      "grupo": "Pipoca",
      "cluster": 1,
      "avg_received": -1.7787,
      "std_received": 3.4235,
      "contradictions": 0,
      "pos_received": 7.348,
      "top_love": [
        {
          "name": "Ana Paula Renault",
          "score": 2.2
        },
        {
          "name": "Juliano Floss",
          "score": 2.12
        },
        {
          "name": "Samira",
          "score": 1.92
        }
      ],
      "top_hate": [
        {
          "name": "Alberto Cowboy",
          "score": -9.2
        },
        {
          "name": "Jonas Sulzbach",
          "score": -7.83
        },
        {
          "name": "Jordana",
          "score": -3.14
        }
      ]
    },
    {
      "name": "Samira",
      "grupo": "Pipoca",
      "cluster": 1,
      "avg_received": -1.4289,
      "std_received": 2.0057,
      "contradictions": 2,
      "pos_received": 2.46,
      "top_love": [
        {
          "name": "Breno",
          "score": 1.7
        },
        {
          "name": "Milena",
          "score": 0.54
        },
        {
          "name": "Ana Paula Renault",
          "score": 0.22
        }
      ],
      "top_hate": [
        {
          "name": "Jordana",
          "score": -5.92
        },
        {
          "name": "Marciele",
          "score": -4.16
        },
        {
          "name": "Alberto Cowboy",
          "score": -3.06
        }
      ]
    },
    {
      "name": "Solange Couto",
      "grupo": "Camarote",
      "cluster": 1,
      "avg_received": -0.4615,
      "std_received": 1.5927,
      "contradictions": 9,
      "pos_received": 6.99,
      "top_love": [
        {
          "name": "Babu Santana",
          "score": 2.4
        },
        {
          "name": "Chaiany",
          "score": 1.45
        },
        {
          "name": "Leandro",
          "score": 1.2
        }
      ],
      "top_hate": [
        {
          "name": "Jordana",
          "score": -2.57
        },
        {
          "name": "Marciele",
          "score": -2.31
        },
        {
          "name": "Gabriela",
          "score": -1.95
        }
      ]
    }
  ],
  "score_matrix_ordered": [
    [
      0.0,
      0.4925,
      1.25,
      1.6,
      1.475,
      1.475,
      0.45,
      -2.2945,
      -1.5245,
      3.31,
      -1.635,
      -0.485,
      -1.9187,
      -3.045
    ],
    [
      0.4925,
      0.0,
      1.05,
      1.25,
      0.3475,
      1.695,
      -1.563,
      1.468,
      1.088,
      -2.47,
      -5.5762,
      -4.758,
      -6.76,
      -2.66
    ],
    [
      1.25,
      1.05,
      0.0,
      1.15,
      0.4925,
      1.2138,
      1.315,
      -1.545,
      -1.75,
      0.01,
      -7.948,
      -2.64,
      -4.255,
      -7.568
    ],
    [
      1.6,
      1.25,
      1.15,
      0.0,
      1.25,
      1.6,
      -1.6175,
      0.068,
      -0.177,
      -4.245,
      -10.748,
      -4.42,
      -2.85,
      -4.42
    ],
    [
      1.475,
      0.3475,
      0.4925,
      1.25,
      0.0,
      2.3,
      -1.775,
      -2.15,
      -1.2425,
      -2.215,
      -2.04,
      0.615,
      -1.8375,
      -2.69
    ],
    [
      1.475,
      1.695,
      1.2138,
      1.6,
      2.3,
      0.0,
      -0.7425,
      -1.852,
      -3.5633,
      -4.43,
      -2.815,
      -7.651,
      -1.9125,
      -3.445
    ],
    [
      0.45,
      -1.563,
      1.315,
      -1.6175,
      -1.775,
      -0.7425,
      0.0,
      1.23,
      0.825,
      -1.0025,
      -3.95,
      -1.475,
      -3.16,
      -6.918
    ],
    [
      -2.2945,
      1.468,
      -1.545,
      0.068,
      -2.15,
      -1.852,
      1.23,
      0.0,
      2.2,
      -2.487,
      -8.48,
      -6.895,
      -1.4825,
      -4.335
    ],
    [
      -1.5245,
      1.088,
      -1.75,
      -0.177,
      -1.2425,
      -3.5633,
      0.825,
      2.2,
      0.0,
      -2.1595,
      -5.252,
      -3.5995,
      -2.7175,
      -3.44
    ],
    [
      3.31,
      -2.47,
      0.01,
      -4.245,
      -2.215,
      -4.43,
      -1.0025,
      -2.487,
      -2.1595,
      0.0,
      -0.41,
      1.25,
      -0.19,
      0.965
    ],
    [
      -1.635,
      -5.5762,
      -7.948,
      -10.748,
      -2.04,
      -2.815,
      -3.95,
      -8.48,
      -5.252,
      -0.41,
      0.0,
      2.68,
      1.425,
      1.475
    ],
    [
      -0.485,
      -4.758,
      -2.64,
      -4.42,
      0.615,
      -7.651,
      -1.475,
      -6.895,
      -3.5995,
      1.25,
      2.68,
      0.0,
      1.425,
      1.2
    ],
    [
      -1.9187,
      -6.76,
      -4.255,
      -2.85,
      -1.8375,
      -1.9125,
      -3.16,
      -1.4825,
      -2.7175,
      -0.19,
      1.425,
      1.425,
      0.0,
      1.75
    ],
    [
      -3.045,
      -2.66,
      -7.568,
      -4.42,
      -2.69,
      -3.445,
      -6.918,
      -4.335,
      -3.44,
      0.965,
      1.475,
      1.2,
      1.75,
      0.0
    ]
  ],
  "vote_matrix_ordered": [
    [
      0.0,
      0.6667,
      0.6667,
      0.6667,
      0.3333,
      0.6,
      0.3333,
      0.6667,
      0.6,
      0.0,
      0.0,
      0.0,
      0.0,
      0.0
    ],
    [
      0.6667,
      0.0,
      0.8333,
      0.8333,
      0.5,
      1.0,
      0.5,
      0.8333,
      0.8,
      0.0,
      0.0,
      0.0,
      0.0,
      0.0
    ],
    [
      0.6667,
      0.8333,
      0.0,
      0.8333,
      0.6667,
      0.8,
      0.6667,
      1.0,
      1.0,
      0.1667,
      0.0,
      0.5,
      0.0,
      0.0
    ],
    [
      0.6667,
      0.8333,
      0.8333,
      0.0,
      0.5,
      0.8,
      0.5,
      0.8333,
      0.8,
      0.0,
      0.0,
      0.0,
      0.0,
      0.0
    ],
    [
      0.3333,
      0.5,
      0.6667,
      0.5,
      0.0,
      0.6,
      0.6667,
      0.6667,
      0.8,
      0.1667,
      0.0,
      0.5,
      0.0,
      0.0
    ],
    [
      0.6,
      1.0,
      0.8,
      0.8,
      0.6,
      0.0,
      0.6,
      0.8,
      0.8,
      0.0,
      0.0,
      0.0,
      0.0,
      0.0
    ],
    [
      0.3333,
      0.5,
      0.6667,
      0.5,
      0.6667,
      0.6,
      0.0,
      0.6667,
      0.8,
      0.3333,
      0.25,
      1.0,
      0.3333,
      0.1667
    ],
    [
      0.6667,
      0.8333,
      1.0,
      0.8333,
      0.6667,
      0.8,
      0.6667,
      0.0,
      1.0,
      0.1667,
      0.0,
      0.5,
      0.0,
      0.0
    ],
    [
      0.6,
      0.8,
      1.0,
      0.8,
      0.8,
      0.8,
      0.8,
      1.0,
      0.0,
      0.2,
      0.0,
      0.5,
      0.0,
      0.0
    ],
    [
      0.0,
      0.0,
      0.1667,
      0.0,
      0.1667,
      0.0,
      0.3333,
      0.1667,
      0.2,
      0.0,
      0.75,
      1.0,
      0.5,
      0.5
    ],
    [
      0.0,
      0.0,
      0.0,
      0.0,
      0.0,
      0.0,
      0.25,
      0.0,
      0.0,
      0.75,
      0.0,
      1.0,
      0.75,
      0.75
    ],
    [
      0.0,
      0.0,
      0.5,
      0.0,
      0.5,
      0.0,
      1.0,
      0.5,
      0.5,
      1.0,
      1.0,
      0.0,
      0.5,
      0.5
    ],
    [
      0.0,
      0.0,
      0.0,
      0.0,
      0.0,
      0.0,
      0.3333,
      0.0,
      0.0,
      0.5,
      0.75,
      0.5,
      0.0,
      0.6667
    ],
    [
      0.0,
      0.0,
      0.0,
      0.0,
      0.0,
      0.0,
      0.1667,
      0.0,
      0.0,
      0.5,
      0.75,
      0.5,
      0.6667,
      0.0
    ]
  ]
}