{
  "_metadata": {
    "generated_at": "2026-03-19T10:45:59.955481+00:00",
    "date": "2026-03-19",
    "week": 9,
    "reference_date": "2026-03-19",
    "n_active": 12,
    "n_clusters": 2,
    "n_paredoes": 9,
    "n_contradictions": 42,
    "n_tensions": 1,
    "silhouette_coefficient": 0.3762,
    "resolution_used": 0.5,
    "best_cohesion": {
      "label": 2,
      "name": "Grupo Misto",
      "score": 1.44
    },
    "worst_rivalry": {
      "key": "1<>2",
      "score": -5.2636,
      "text": "Frente Grupo Misto vs Grupo Misto"
    }
  },
  "active_names": [
    "Alberto Cowboy",
    "Ana Paula Renault",
    "Chaiany",
    "Gabriela",
    "Jonas Sulzbach",
    "Jordana",
    "Juliano Floss",
    "Leandro",
    "Marciele",
    "Milena",
    "Samira",
    "Solange Couto"
  ],
  "cluster_order": [
    "Chaiany",
    "Juliano Floss",
    "Milena",
    "Samira",
    "Leandro",
    "Ana Paula Renault",
    "Solange Couto",
    "Gabriela",
    "Alberto Cowboy",
    "Jonas Sulzbach",
    "Jordana",
    "Marciele"
  ],
  "communities": [
    {
      "label": 1,
      "name": "Frente Grupo Misto",
      "color": "#e74c3c",
      "members": [
        "Ana Paula Renault",
        "Chaiany",
        "Gabriela",
        "Juliano Floss",
        "Leandro",
        "Milena",
        "Samira",
        "Solange Couto"
      ],
      "group_composition": {
        "Pipoca": 5,
        "Camarote": 2,
        "Veterano": 1
      },
      "cohesion": -0.9962,
      "best_external": {
        "label": 2,
        "name": "Grupo Misto",
        "score": -5.2636
      },
      "worst_external": {
        "label": 2,
        "name": "Grupo Misto",
        "score": -5.2636
      }
    },
    {
      "label": 2,
      "name": "Grupo Misto",
      "color": "#3498db",
      "members": [
        "Alberto Cowboy",
        "Jonas Sulzbach",
        "Jordana",
        "Marciele"
      ],
      "group_composition": {
        "Veterano": 2,
        "Pipoca": 2
      },
      "cohesion": 1.44,
      "best_external": {
        "label": 1,
        "name": "Frente Grupo Misto",
        "score": -5.2636
      },
      "worst_external": {
        "label": 1,
        "name": "Frente Grupo Misto",
        "score": -5.2636
      }
    }
  ],
  "inter_cluster": [
    {
      "cluster_a": 1,
      "cluster_b": 2,
      "name_a": "Frente Grupo Misto",
      "name_b": "Grupo Misto",
      "score_sym": -5.2636,
      "score_a_to_b": -5.6042,
      "score_b_to_a": -4.923,
      "vote_alignment": 0.1886
    }
  ],
  "polarization": [
    {
      "name": "Alberto Cowboy",
      "grupo": "Veterano",
      "cluster": 2,
      "avg_received": -4.0925,
      "std_received": 4.9213,
      "contradictions": 3,
      "pos_received": 4.95,
      "top_love": [
        {
          "name": "Jonas Sulzbach",
          "score": 2.35
        },
        {
          "name": "Jordana",
          "score": 1.3
        },
        {
          "name": "Marciele",
          "score": 1.3
        }
      ],
      "top_hate": [
        {
          "name": "Leandro",
          "score": -12.88
        },
        {
          "name": "Milena",
          "score": -11.37
        },
        {
          "name": "Ana Paula Renault",
          "score": -7.59
        }
      ]
    },
    {
      "name": "Ana Paula Renault",
      "grupo": "Veterano",
      "cluster": 1,
      "avg_received": -2.1795,
      "std_received": 3.0206,
      "contradictions": 0,
      "pos_received": 6.666,
      "top_love": [
        {
          "name": "Milena",
          "score": 3.31
        },
        {
          "name": "Samira",
          "score": 2.0
        },
        {
          "name": "Juliano Floss",
          "score": 1.36
        }
      ],
      "top_hate": [
        {
          "name": "Alberto Cowboy",
          "score": -6.65
        },
        {
          "name": "Jonas Sulzbach",
          "score": -5.62
        },
        {
          "name": "Solange Couto",
          "score": -4.16
        }
      ]
    },
    {
      "name": "Chaiany",
      "grupo": "Pipoca",
      "cluster": 1,
      "avg_received": -0.9958,
      "std_received": 2.9247,
      "contradictions": 5,
      "pos_received": 8.01,
      "top_love": [
        {
          "name": "Gabriela",
          "score": 3.31
        },
        {
          "name": "Leandro",
          "score": 2.0
        },
        {
          "name": "Juliano Floss",
          "score": 1.1
        }
      ],
      "top_hate": [
        {
          "name": "Jordana",
          "score": -6.93
        },
        {
          "name": "Alberto Cowboy",
          "score": -4.79
        },
        {
          "name": "Ana Paula Renault",
          "score": -3.3
        }
      ]
    },
    {
      "name": "Gabriela",
      "grupo": "Pipoca",
      "cluster": 1,
      "avg_received": -1.9315,
      "std_received": 3.322,
      "contradictions": 8,
      "pos_received": 5.36,
      "top_love": [
        {
          "name": "Chaiany",
          "score": 3.31
        },
        {
          "name": "Jordana",
          "score": 1.1
        },
        {
          "name": "Alberto Cowboy",
          "score": 0.95
        }
      ],
      "top_hate": [
        {
          "name": "Leandro",
          "score": -8.72
        },
        {
          "name": "Solange Couto",
          "score": -7.07
        },
        {
          "name": "Milena",
          "score": -3.23
        }
      ]
    },
    {
      "name": "Jonas Sulzbach",
      "grupo": "Veterano",
      "cluster": 2,
      "avg_received": -3.9044,
      "std_received": 5.0893,
      "contradictions": 1,
      "pos_received": 5.04,
      "top_love": [
        {
          "name": "Alberto Cowboy",
          "score": 3.01
        },
        {
          "name": "Jordana",
          "score": 1.2
        },
        {
          "name": "Solange Couto",
          "score": 0.5
        }
      ],
      "top_hate": [
        {
          "name": "Milena",
          "score": -13.89
        },
        {
          "name": "Juliano Floss",
          "score": -10.03
        },
        {
          "name": "Leandro",
          "score": -8.3
        }
      ]
    },
    {
      "name": "Jordana",
      "grupo": "Pipoca",
      "cluster": 2,
      "avg_received": -4.0875,
      "std_received": 4.7047,
      "contradictions": 5,
      "pos_received": 4.71,
      "top_love": [
        {
          "name": "Alberto Cowboy",
          "score": 1.65
        },
        {
          "name": "Gabriela",
          "score": 1.25
        },
        {
          "name": "Jonas Sulzbach",
          "score": 1.2
        }
      ],
      "top_hate": [
        {
          "name": "Chaiany",
          "score": -13.56
        },
        {
          "name": "Leandro",
          "score": -8.62
        },
        {
          "name": "Milena",
          "score": -7.47
        }
      ]
    },
    {
      "name": "Juliano Floss",
      "grupo": "Camarote",
      "cluster": 1,
      "avg_received": -2.671,
      "std_received": 4.0143,
      "contradictions": 3,
      "pos_received": 5.29,
      "top_love": [
        {
          "name": "Leandro",
          "score": 1.3
        },
        {
          "name": "Chaiany",
          "score": 1.1
        },
        {
          "name": "Solange Couto",
          "score": 1.1
        }
      ],
      "top_hate": [
        {
          "name": "Marciele",
          "score": -9.2
        },
        {
          "name": "Alberto Cowboy",
          "score": -7.59
        },
        {
          "name": "Jonas Sulzbach",
          "score": -7.06
        }
      ]
    },
    {
      "name": "Leandro",
      "grupo": "Pipoca",
      "cluster": 1,
      "avg_received": -3.7887,
      "std_received": 4.2753,
      "contradictions": 1,
      "pos_received": 3.7,
      "top_love": [
        {
          "name": "Solange Couto",
          "score": 1.3
        },
        {
          "name": "Chaiany",
          "score": 1.2
        },
        {
          "name": "Juliano Floss",
          "score": 1.2
        }
      ],
      "top_hate": [
        {
          "name": "Alberto Cowboy",
          "score": -10.68
        },
        {
          "name": "Gabriela",
          "score": -8.27
        },
        {
          "name": "Jonas Sulzbach",
          "score": -8.21
        }
      ]
    },
    {
      "name": "Marciele",
      "grupo": "Pipoca",
      "cluster": 2,
      "avg_received": -2.6478,
      "std_received": 3.6831,
      "contradictions": 5,
      "pos_received": 5.03,
      "top_love": [
        {
          "name": "Alberto Cowboy",
          "score": 1.55
        },
        {
          "name": "Jonas Sulzbach",
          "score": 1.5
        },
        {
          "name": "Jordana",
          "score": 1.28
        }
      ],
      "top_hate": [
        {
          "name": "Juliano Floss",
          "score": -10.53
        },
        {
          "name": "Leandro",
          "score": -5.97
        },
        {
          "name": "Ana Paula Renault",
          "score": -5.88
        }
      ]
    },
    {
      "name": "Milena",
      "grupo": "Pipoca",
      "cluster": 1,
      "avg_received": -2.9636,
      "std_received": 5.4973,
      "contradictions": 1,
      "pos_received": 6.972,
      "top_love": [
        {
          "name": "Ana Paula Renault",
          "score": 2.2
        },
        {
          "name": "Juliano Floss",
          "score": 2.12
        },
        {
          "name": "Samira",
          "score": 1.92
        }
      ],
      "top_hate": [
        {
          "name": "Jonas Sulzbach",
          "score": -14.42
        },
        {
          "name": "Alberto Cowboy",
          "score": -13.05
        },
        {
          "name": "Gabriela",
          "score": -3.86
        }
      ]
    },
    {
      "name": "Samira",
      "grupo": "Pipoca",
      "cluster": 1,
      "avg_received": -1.7093,
      "std_received": 2.2386,
      "contradictions": 8,
      "pos_received": 2.23,
      "top_love": [
        {
          "name": "Ana Paula Renault",
          "score": 0.84
        },
        {
          "name": "Leandro",
          "score": 0.69
        },
        {
          "name": "Milena",
          "score": 0.69
        }
      ],
      "top_hate": [
        {
          "name": "Jordana",
          "score": -6.08
        },
        {
          "name": "Marciele",
          "score": -4.68
        },
        {
          "name": "Solange Couto",
          "score": -2.95
        }
      ]
    },
    {
      "name": "Solange Couto",
      "grupo": "Camarote",
      "cluster": 1,
      "avg_received": -3.1537,
      "std_received": 3.3228,
      "contradictions": 10,
      "pos_received": 2.48,
      "top_love": [
        {
          "name": "Leandro",
          "score": 1.2
        },
        {
          "name": "Chaiany",
          "score": 1.13
        },
        {
          "name": "Juliano Floss",
          "score": 0.15
        }
      ],
      "top_hate": [
        {
          "name": "Jordana",
          "score": -8.75
        },
        {
          "name": "Gabriela",
          "score": -6.54
        },
        {
          "name": "Marciele",
          "score": -6.53
        }
      ]
    }
  ],
  "score_matrix_ordered": [
    [
      0.0,
      1.1,
      -0.642,
      0.45,
      1.6,
      -3.415,
      0.915,
      3.31,
      -3.4775,
      -1.97,
      -10.243,
      -2.4013
    ],
    [
      1.1,
      0.0,
      1.543,
      -1.563,
      1.25,
      1.088,
      0.625,
      -4.35,
      -7.3863,
      -8.546,
      -3.19,
      -9.865
    ],
    [
      -0.642,
      1.543,
      0.0,
      1.305,
      0.268,
      2.755,
      -2.94,
      -3.547,
      -12.213,
      -14.156,
      -5.2,
      -2.525
    ],
    [
      0.45,
      -1.563,
      1.305,
      0.0,
      -0.335,
      1.42,
      -3.37,
      -0.83,
      -3.595,
      -3.713,
      -6.348,
      -4.29
    ],
    [
      1.6,
      1.25,
      0.268,
      -0.335,
      0.0,
      -3.095,
      1.25,
      -8.493,
      -11.778,
      -8.253,
      -8.003,
      -6.098
    ],
    [
      -3.415,
      1.088,
      2.755,
      1.42,
      -3.095,
      0.0,
      -5.328,
      -2.0595,
      -7.122,
      -6.285,
      -3.345,
      -4.665
    ],
    [
      0.915,
      0.625,
      -2.94,
      -3.37,
      1.25,
      -5.328,
      0.0,
      -6.805,
      -1.83,
      -0.34,
      -7.27,
      -3.9425
    ],
    [
      3.31,
      -4.35,
      -3.547,
      -0.83,
      -8.493,
      -2.0595,
      -6.805,
      0.0,
      -0.245,
      -1.125,
      1.175,
      -0.19
    ],
    [
      -3.4775,
      -7.3863,
      -12.213,
      -3.595,
      -11.778,
      -7.122,
      -1.83,
      -0.245,
      0.0,
      2.68,
      1.475,
      1.425
    ],
    [
      -1.97,
      -8.546,
      -14.156,
      -3.713,
      -8.253,
      -6.285,
      -0.34,
      -1.125,
      2.68,
      0.0,
      1.2,
      0.915
    ],
    [
      -10.243,
      -3.19,
      -5.2,
      -6.348,
      -8.003,
      -3.345,
      -7.27,
      1.175,
      1.475,
      1.2,
      0.0,
      0.945
    ],
    [
      -2.4013,
      -9.865,
      -2.525,
      -4.29,
      -6.098,
      -4.665,
      -3.9425,
      -0.19,
      1.425,
      0.915,
      0.945,
      0.0
    ]
  ],
  "vote_matrix_ordered": [
    [
      0.0,
      0.5556,
      0.5556,
      0.25,
      0.6667,
      0.375,
      0.4444,
      0.0,
      0.0,
      0.0,
      0.0,
      0.0
    ],
    [
      0.5556,
      0.0,
      0.6667,
      0.5,
      0.6667,
      0.625,
      0.4444,
      0.0,
      0.0,
      0.0,
      0.0,
      0.0
    ],
    [
      0.5556,
      0.6667,
      0.0,
      0.5,
      0.6667,
      0.75,
      0.5556,
      0.1111,
      0.0,
      0.25,
      0.0,
      0.0
    ],
    [
      0.25,
      0.5,
      0.5,
      0.0,
      0.375,
      0.8571,
      0.5,
      0.375,
      0.25,
      1.0,
      0.25,
      0.375
    ],
    [
      0.6667,
      0.6667,
      0.6667,
      0.375,
      0.0,
      0.5,
      0.6667,
      0.0,
      0.0,
      0.0,
      0.0,
      0.0
    ],
    [
      0.375,
      0.625,
      0.75,
      0.8571,
      0.5,
      0.0,
      0.5,
      0.25,
      0.0,
      0.5,
      0.125,
      0.125
    ],
    [
      0.4444,
      0.4444,
      0.5556,
      0.5,
      0.6667,
      0.5,
      0.0,
      0.1111,
      0.0,
      0.25,
      0.0,
      0.0
    ],
    [
      0.0,
      0.0,
      0.1111,
      0.375,
      0.0,
      0.25,
      0.1111,
      0.0,
      0.8,
      1.0,
      0.5556,
      0.5556
    ],
    [
      0.0,
      0.0,
      0.0,
      0.25,
      0.0,
      0.0,
      0.0,
      0.8,
      0.0,
      1.0,
      0.8,
      0.8
    ],
    [
      0.0,
      0.0,
      0.25,
      1.0,
      0.0,
      0.5,
      0.25,
      1.0,
      1.0,
      0.0,
      0.75,
      0.75
    ],
    [
      0.0,
      0.0,
      0.0,
      0.25,
      0.0,
      0.125,
      0.0,
      0.5556,
      0.8,
      0.75,
      0.0,
      0.7778
    ],
    [
      0.0,
      0.0,
      0.0,
      0.375,
      0.0,
      0.125,
      0.0,
      0.5556,
      0.8,
      0.75,
      0.7778,
      0.0
    ]
  ]
}