{
  "_metadata": {
    "generated_at": "2026-03-06T02:48:09.044649+00:00",
    "date": "2026-03-05",
    "week": 7,
    "reference_date": "2026-03-05",
    "n_active": 14,
    "n_clusters": 2,
    "n_paredoes": 7,
    "n_contradictions": 36,
    "n_tensions": 1,
    "silhouette_coefficient": 0.407,
    "resolution_used": 0.5,
    "best_cohesion": {
      "label": 2,
      "name": "Aliança Grupo Misto",
      "score": 1.6592
    },
    "worst_rivalry": {
      "key": "1<>2",
      "score": -3.5874,
      "text": "Frente Grupo Misto vs Aliança Grupo Misto"
    }
  },
  "active_names": [
    "Alberto Cowboy",
    "Ana Paula Renault",
    "Babu Santana",
    "Breno",
    "Chaiany",
    "Gabriela",
    "Jonas Sulzbach",
    "Jordana",
    "Juliano Floss",
    "Leandro",
    "Marciele",
    "Milena",
    "Samira",
    "Solange Couto"
  ],
  "cluster_order": [
    "Chaiany",
    "Juliano Floss",
    "Breno",
    "Leandro",
    "Solange Couto",
    "Samira",
    "Babu Santana",
    "Milena",
    "Ana Paula Renault",
    "Gabriela",
    "Alberto Cowboy",
    "Jonas Sulzbach",
    "Marciele",
    "Jordana"
  ],
  "communities": [
    {
      "label": 1,
      "name": "Frente Grupo Misto",
      "color": "#e74c3c",
      "members": [
        "Ana Paula Renault",
        "Babu Santana",
        "Breno",
        "Chaiany",
        "Gabriela",
        "Juliano Floss",
        "Leandro",
        "Milena",
        "Samira",
        "Solange Couto"
      ],
      "group_composition": {
        "Pipoca": 6,
        "Veterano": 2,
        "Camarote": 2
      },
      "cohesion": -0.2359,
      "best_external": {
        "label": 2,
        "name": "Aliança Grupo Misto",
        "score": -3.5874
      },
      "worst_external": {
        "label": 2,
        "name": "Aliança Grupo Misto",
        "score": -3.5874
      }
    },
    {
      "label": 2,
      "name": "Aliança Grupo Misto",
      "color": "#3498db",
      "members": [
        "Alberto Cowboy",
        "Jonas Sulzbach",
        "Jordana",
        "Marciele"
      ],
      "group_composition": {
        "Veterano": 2,
        "Pipoca": 2
      },
      "cohesion": 1.6592,
      "best_external": {
        "label": 1,
        "name": "Frente Grupo Misto",
        "score": -3.5874
      },
      "worst_external": {
        "label": 1,
        "name": "Frente Grupo Misto",
        "score": -3.5874
      }
    }
  ],
  "inter_cluster": [
    {
      "cluster_a": 1,
      "cluster_b": 2,
      "name_a": "Frente Grupo Misto",
      "name_b": "Aliança Grupo Misto",
      "score_sym": -3.5874,
      "score_a_to_b": -3.8886,
      "score_b_to_a": -3.2861,
      "vote_alignment": 0.1507
    }
  ],
  "polarization": [
    {
      "name": "Alberto Cowboy",
      "grupo": "Veterano",
      "cluster": 2,
      "avg_received": -3.7067,
      "std_received": 4.0746,
      "contradictions": 3,
      "pos_received": 4.95,
      "top_love": [
        {
          "name": "Jonas Sulzbach",
          "score": 2.35
        },
        {
          "name": "Jordana",
          "score": 1.3
        },
        {
          "name": "Marciele",
          "score": 1.3
        }
      ],
      "top_hate": [
        {
          "name": "Leandro",
          "score": -11.28
        },
        {
          "name": "Breno",
          "score": -8.76
        },
        {
          "name": "Milena",
          "score": -7.76
        }
      ]
    },
    {
      "name": "Ana Paula Renault",
      "grupo": "Veterano",
      "cluster": 1,
      "avg_received": -1.1306,
      "std_received": 1.9316,
      "contradictions": 0,
      "pos_received": 5.582,
      "top_love": [
        {
          "name": "Milena",
          "score": 2.2
        },
        {
          "name": "Samira",
          "score": 1.79
        },
        {
          "name": "Juliano Floss",
          "score": 1.36
        }
      ],
      "top_hate": [
        {
          "name": "Alberto Cowboy",
          "score": -4.56
        },
        {
          "name": "Jonas Sulzbach",
          "score": -3.0
        },
        {
          "name": "Babu Santana",
          "score": -2.82
        }
      ]
    },
    {
      "name": "Babu Santana",
      "grupo": "Veterano",
      "cluster": 1,
      "avg_received": -1.2703,
      "std_received": 2.9422,
      "contradictions": 0,
      "pos_received": 8.78,
      "top_love": [
        {
          "name": "Solange Couto",
          "score": 2.2
        },
        {
          "name": "Juliano Floss",
          "score": 2.08
        },
        {
          "name": "Leandro",
          "score": 1.7
        }
      ],
      "top_hate": [
        {
          "name": "Jonas Sulzbach",
          "score": -6.53
        },
        {
          "name": "Ana Paula Renault",
          "score": -5.2
        },
        {
          "name": "Gabriela",
          "score": -4.98
        }
      ]
    },
    {
      "name": "Breno",
      "grupo": "Pipoca",
      "cluster": 1,
      "avg_received": -1.7218,
      "std_received": 3.0333,
      "contradictions": 2,
      "pos_received": 5.2875,
      "top_love": [
        {
          "name": "Babu Santana",
          "score": 1.21
        },
        {
          "name": "Samira",
          "score": 1.19
        },
        {
          "name": "Leandro",
          "score": 1.03
        }
      ],
      "top_hate": [
        {
          "name": "Jordana",
          "score": -7.87
        },
        {
          "name": "Alberto Cowboy",
          "score": -7.1
        },
        {
          "name": "Marciele",
          "score": -4.57
        }
      ]
    },
    {
      "name": "Chaiany",
      "grupo": "Pipoca",
      "cluster": 1,
      "avg_received": 0.0125,
      "std_received": 1.8526,
      "contradictions": 6,
      "pos_received": 10.51,
      "top_love": [
        {
          "name": "Gabriela",
          "score": 3.31
        },
        {
          "name": "Leandro",
          "score": 2.0
        },
        {
          "name": "Breno",
          "score": 1.5
        }
      ],
      "top_hate": [
        {
          "name": "Alberto Cowboy",
          "score": -3.14
        },
        {
          "name": "Milena",
          "score": -2.78
        },
        {
          "name": "Ana Paula Renault",
          "score": -1.46
        }
      ]
    },
    {
      "name": "Gabriela",
      "grupo": "Pipoca",
      "cluster": 1,
      "avg_received": -0.8585,
      "std_received": 2.125,
      "contradictions": 9,
      "pos_received": 7.36,
      "top_love": [
        {
          "name": "Chaiany",
          "score": 3.31
        },
        {
          "name": "Jonas Sulzbach",
          "score": 1.3
        },
        {
          "name": "Jordana",
          "score": 0.98
        }
      ],
      "top_hate": [
        {
          "name": "Babu Santana",
          "score": -3.92
        },
        {
          "name": "Leandro",
          "score": -3.9
        },
        {
          "name": "Solange Couto",
          "score": -2.86
        }
      ]
    },
    {
      "name": "Jonas Sulzbach",
      "grupo": "Veterano",
      "cluster": 2,
      "avg_received": -2.0055,
      "std_received": 3.4562,
      "contradictions": 0,
      "pos_received": 6.99,
      "top_love": [
        {
          "name": "Alberto Cowboy",
          "score": 3.01
        },
        {
          "name": "Gabriela",
          "score": 1.2
        },
        {
          "name": "Jordana",
          "score": 1.2
        }
      ],
      "top_hate": [
        {
          "name": "Babu Santana",
          "score": -8.78
        },
        {
          "name": "Milena",
          "score": -5.96
        },
        {
          "name": "Juliano Floss",
          "score": -5.64
        }
      ]
    },
    {
      "name": "Jordana",
      "grupo": "Pipoca",
      "cluster": 2,
      "avg_received": -3.1043,
      "std_received": 3.2635,
      "contradictions": 5,
      "pos_received": 5.48,
      "top_love": [
        {
          "name": "Alberto Cowboy",
          "score": 1.65
        },
        {
          "name": "Marciele",
          "score": 1.5
        },
        {
          "name": "Jonas Sulzbach",
          "score": 1.2
        }
      ],
      "top_hate": [
        {
          "name": "Samira",
          "score": -7.89
        },
        {
          "name": "Breno",
          "score": -7.32
        },
        {
          "name": "Milena",
          "score": -5.62
        }
      ]
    },
    {
      "name": "Juliano Floss",
      "grupo": "Camarote",
      "cluster": 1,
      "avg_received": -1.2753,
      "std_received": 3.0506,
      "contradictions": 2,
      "pos_received": 7.88,
      "top_love": [
        {
          "name": "Babu Santana",
          "score": 1.4
        },
        {
          "name": "Breno",
          "score": 1.34
        },
        {
          "name": "Leandro",
          "score": 1.3
        }
      ],
      "top_hate": [
        {
          "name": "Marciele",
          "score": -8.08
        },
        {
          "name": "Alberto Cowboy",
          "score": -5.8
        },
        {
          "name": "Jonas Sulzbach",
          "score": -3.88
        }
      ]
    },
    {
      "name": "Leandro",
      "grupo": "Pipoca",
      "cluster": 1,
      "avg_received": -1.7888,
      "std_received": 3.2667,
      "contradictions": 0,
      "pos_received": 6.4,
      "top_love": [
        {
          "name": "Babu Santana",
          "score": 1.5
        },
        {
          "name": "Solange Couto",
          "score": 1.3
        },
        {
          "name": "Breno",
          "score": 1.2
        }
      ],
      "top_hate": [
        {
          "name": "Alberto Cowboy",
          "score": -10.22
        },
        {
          "name": "Gabriela",
          "score": -4.59
        },
        {
          "name": "Jordana",
          "score": -4.24
        }
      ]
    },
    {
      "name": "Marciele",
      "grupo": "Pipoca",
      "cluster": 2,
      "avg_received": -1.6169,
      "std_received": 2.284,
      "contradictions": 2,
      "pos_received": 5.9,
      "top_love": [
        {
          "name": "Jordana",
          "score": 2.0
        },
        {
          "name": "Jonas Sulzbach",
          "score": 1.65
        },
        {
          "name": "Alberto Cowboy",
          "score": 1.55
        }
      ],
      "top_hate": [
        {
          "name": "Juliano Floss",
          "score": -5.44
        },
        {
          "name": "Breno",
          "score": -4.0
        },
        {
          "name": "Chaiany",
          "score": -3.15
        }
      ]
    },
    {
      "name": "Milena",
      "grupo": "Pipoca",
      "cluster": 1,
      "avg_received": -1.8214,
      "std_received": 3.4041,
      "contradictions": 0,
      "pos_received": 6.803,
      "top_love": [
        {
          "name": "Ana Paula Renault",
          "score": 2.2
        },
        {
          "name": "Juliano Floss",
          "score": 2.12
        },
        {
          "name": "Samira",
          "score": 1.92
        }
      ],
      "top_hate": [
        {
          "name": "Alberto Cowboy",
          "score": -9.2
        },
        {
          "name": "Jonas Sulzbach",
          "score": -7.92
        },
        {
          "name": "Jordana",
          "score": -3.14
        }
      ]
    },
    {
      "name": "Samira",
      "grupo": "Pipoca",
      "cluster": 1,
      "avg_received": -1.4112,
      "std_received": 2.0673,
      "contradictions": 2,
      "pos_received": 2.87,
      "top_love": [
        {
          "name": "Breno",
          "score": 1.7
        },
        {
          "name": "Ana Paula Renault",
          "score": 0.63
        },
        {
          "name": "Milena",
          "score": 0.54
        }
      ],
      "top_hate": [
        {
          "name": "Jordana",
          "score": -5.94
        },
        {
          "name": "Marciele",
          "score": -4.16
        },
        {
          "name": "Alberto Cowboy",
          "score": -3.41
        }
      ]
    },
    {
      "name": "Solange Couto",
      "grupo": "Camarote",
      "cluster": 1,
      "avg_received": -0.4788,
      "std_received": 1.6169,
      "contradictions": 9,
      "pos_received": 6.99,
      "top_love": [
        {
          "name": "Babu Santana",
          "score": 2.4
        },
        {
          "name": "Chaiany",
          "score": 1.45
        },
        {
          "name": "Leandro",
          "score": 1.2
        }
      ],
      "top_hate": [
        {
          "name": "Marciele",
          "score": -2.5
        },
        {
          "name": "Jordana",
          "score": -2.48
        },
        {
          "name": "Gabriela",
          "score": -2.33
        }
      ]
    }
  ],
  "score_matrix_ordered": [
    [
      0.0,
      0.4925,
      1.215,
      1.6,
      1.475,
      0.45,
      1.475,
      -2.362,
      -1.4095,
      3.31,
      -1.6575,
      -0.395,
      -1.9412,
      -3.175
    ],
    [
      0.4925,
      0.0,
      1.135,
      1.25,
      0.3925,
      -1.563,
      1.74,
      1.468,
      1.088,
      -2.3575,
      -5.5762,
      -4.758,
      -6.76,
      -2.6825
    ],
    [
      1.215,
      1.135,
      0.0,
      1.115,
      0.4275,
      1.445,
      1.1787,
      -1.51,
      -1.745,
      -0.01,
      -7.928,
      -2.6225,
      -4.2825,
      -7.593
    ],
    [
      1.6,
      1.25,
      1.115,
      0.0,
      1.25,
      -1.625,
      1.6,
      -0.2395,
      -0.362,
      -4.245,
      -10.748,
      -4.42,
      -2.85,
      -4.42
    ],
    [
      1.475,
      0.3925,
      0.4275,
      1.25,
      0.0,
      -1.7975,
      2.3,
      -2.0975,
      -1.2325,
      -2.595,
      -1.95,
      0.66,
      -2.0575,
      -2.775
    ],
    [
      0.45,
      -1.563,
      1.445,
      -1.625,
      -1.7975,
      0.0,
      -0.54,
      1.23,
      1.21,
      -0.975,
      -4.365,
      -1.24,
      -3.16,
      -6.918
    ],
    [
      1.475,
      1.74,
      1.1787,
      1.6,
      2.3,
      -0.54,
      0.0,
      -1.8945,
      -4.0132,
      -4.4525,
      -2.655,
      -7.651,
      -1.935,
      -3.445
    ],
    [
      -2.362,
      1.468,
      -1.51,
      -0.2395,
      -2.0975,
      1.23,
      -1.8945,
      0.0,
      2.2,
      -2.502,
      -8.48,
      -6.94,
      -1.4725,
      -4.38
    ],
    [
      -1.4095,
      1.088,
      -1.745,
      -0.362,
      -1.2325,
      1.21,
      -4.0132,
      2.2,
      0.0,
      -2.1345,
      -5.252,
      -3.5895,
      -2.58,
      -3.295
    ],
    [
      3.31,
      -2.3575,
      -0.01,
      -4.245,
      -2.595,
      -0.975,
      -4.4525,
      -2.502,
      -2.1345,
      0.0,
      -0.32,
      1.25,
      -0.19,
      1.055
    ],
    [
      -1.6575,
      -5.5762,
      -7.928,
      -10.748,
      -1.95,
      -4.365,
      -2.655,
      -8.48,
      -5.252,
      -0.32,
      0.0,
      2.68,
      1.425,
      1.475
    ],
    [
      -0.395,
      -4.758,
      -2.6225,
      -4.42,
      0.66,
      -1.24,
      -7.651,
      -6.94,
      -3.5895,
      1.25,
      2.68,
      0.0,
      1.425,
      1.2
    ],
    [
      -1.9412,
      -6.76,
      -4.2825,
      -2.85,
      -2.0575,
      -3.16,
      -1.935,
      -1.4725,
      -2.58,
      -0.19,
      1.425,
      1.425,
      0.0,
      1.75
    ],
    [
      -3.175,
      -2.6825,
      -7.593,
      -4.42,
      -2.775,
      -6.918,
      -3.445,
      -4.38,
      -3.295,
      1.055,
      1.475,
      1.2,
      1.75,
      0.0
    ]
  ],
  "vote_matrix_ordered": [
    [
      0.0,
      0.7143,
      0.7143,
      0.7143,
      0.4286,
      0.3333,
      0.6667,
      0.5714,
      0.5,
      0.0,
      0.0,
      0.0,
      0.0,
      0.0
    ],
    [
      0.7143,
      0.0,
      0.8571,
      0.8571,
      0.5714,
      0.5,
      1.0,
      0.7143,
      0.6667,
      0.0,
      0.0,
      0.0,
      0.0,
      0.0
    ],
    [
      0.7143,
      0.8571,
      0.0,
      0.8571,
      0.7143,
      0.6667,
      0.8333,
      0.8571,
      0.8333,
      0.1429,
      0.0,
      0.3333,
      0.0,
      0.0
    ],
    [
      0.7143,
      0.8571,
      0.8571,
      0.0,
      0.5714,
      0.5,
      0.8333,
      0.7143,
      0.6667,
      0.0,
      0.0,
      0.0,
      0.0,
      0.0
    ],
    [
      0.4286,
      0.5714,
      0.7143,
      0.5714,
      0.0,
      0.6667,
      0.6667,
      0.5714,
      0.6667,
      0.1429,
      0.0,
      0.3333,
      0.0,
      0.0
    ],
    [
      0.3333,
      0.5,
      0.6667,
      0.5,
      0.6667,
      0.0,
      0.6,
      0.6667,
      0.8,
      0.3333,
      0.25,
      1.0,
      0.3333,
      0.1667
    ],
    [
      0.6667,
      1.0,
      0.8333,
      0.8333,
      0.6667,
      0.6,
      0.0,
      0.6667,
      0.6667,
      0.0,
      0.0,
      0.0,
      0.0,
      0.0
    ],
    [
      0.5714,
      0.7143,
      0.8571,
      0.7143,
      0.5714,
      0.6667,
      0.6667,
      0.0,
      1.0,
      0.1429,
      0.0,
      0.3333,
      0.0,
      0.0
    ],
    [
      0.5,
      0.6667,
      0.8333,
      0.6667,
      0.6667,
      0.8,
      0.6667,
      1.0,
      0.0,
      0.1667,
      0.0,
      0.3333,
      0.0,
      0.0
    ],
    [
      0.0,
      0.0,
      0.1429,
      0.0,
      0.1429,
      0.3333,
      0.0,
      0.1429,
      0.1667,
      0.0,
      0.8,
      1.0,
      0.5714,
      0.5714
    ],
    [
      0.0,
      0.0,
      0.0,
      0.0,
      0.0,
      0.25,
      0.0,
      0.0,
      0.0,
      0.8,
      0.0,
      1.0,
      0.8,
      0.8
    ],
    [
      0.0,
      0.0,
      0.3333,
      0.0,
      0.3333,
      1.0,
      0.0,
      0.3333,
      0.3333,
      1.0,
      1.0,
      0.0,
      0.6667,
      0.6667
    ],
    [
      0.0,
      0.0,
      0.0,
      0.0,
      0.0,
      0.3333,
      0.0,
      0.0,
      0.0,
      0.5714,
      0.8,
      0.6667,
      0.0,
      0.7143
    ],
    [
      0.0,
      0.0,
      0.0,
      0.0,
      0.0,
      0.1667,
      0.0,
      0.0,
      0.0,
      0.5714,
      0.8,
      0.6667,
      0.7143,
      0.0
    ]
  ]
}