{
  "_metadata": {
    "generated_at": "2026-02-22T14:21:09.894749+00:00",
    "date": "2026-02-22",
    "week": 6,
    "reference_date": "2026-02-22",
    "n_active": 15,
    "n_clusters": 2,
    "n_paredoes": 5,
    "n_contradictions": 28,
    "n_tensions": 1,
    "silhouette_coefficient": 0.4193,
    "resolution_used": 0.5,
    "best_cohesion": {
      "label": 2,
      "name": "Grupo Misto A",
      "score": 0.8153
    },
    "worst_rivalry": {
      "key": "1<>2",
      "score": -1.995,
      "text": "Grupo Misto vs Grupo Misto A"
    }
  },
  "active_names": [
    "Alberto Cowboy",
    "Ana Paula Renault",
    "Babu Santana",
    "Breno",
    "Chaiany",
    "Gabriela",
    "Jonas Sulzbach",
    "Jordana",
    "Juliano Floss",
    "Leandro",
    "Marciele",
    "Maxiane",
    "Milena",
    "Samira",
    "Solange Couto"
  ],
  "cluster_order": [
    "Babu Santana",
    "Chaiany",
    "Leandro",
    "Juliano Floss",
    "Solange Couto",
    "Milena",
    "Ana Paula Renault",
    "Breno",
    "Samira",
    "Jordana",
    "Jonas Sulzbach",
    "Marciele",
    "Alberto Cowboy",
    "Maxiane",
    "Gabriela"
  ],
  "communities": [
    {
      "label": 1,
      "name": "Grupo Misto",
      "color": "#e74c3c",
      "members": [
        "Ana Paula Renault",
        "Babu Santana",
        "Breno",
        "Chaiany",
        "Juliano Floss",
        "Leandro",
        "Milena",
        "Samira",
        "Solange Couto"
      ],
      "group_composition": {
        "Pipoca": 5,
        "Veterano": 2,
        "Camarote": 2
      },
      "cohesion": 0.6133,
      "best_external": {
        "label": 2,
        "name": "Grupo Misto A",
        "score": -1.995
      },
      "worst_external": {
        "label": 2,
        "name": "Grupo Misto A",
        "score": -1.995
      }
    },
    {
      "label": 2,
      "name": "Grupo Misto A",
      "color": "#3498db",
      "members": [
        "Alberto Cowboy",
        "Gabriela",
        "Jonas Sulzbach",
        "Jordana",
        "Marciele",
        "Maxiane"
      ],
      "group_composition": {
        "Pipoca": 4,
        "Veterano": 2
      },
      "cohesion": 0.8153,
      "best_external": {
        "label": 1,
        "name": "Grupo Misto",
        "score": -1.995
      },
      "worst_external": {
        "label": 1,
        "name": "Grupo Misto",
        "score": -1.995
      }
    }
  ],
  "inter_cluster": [
    {
      "cluster_a": 1,
      "cluster_b": 2,
      "name_a": "Grupo Misto",
      "name_b": "Grupo Misto A",
      "score_sym": -1.995,
      "score_a_to_b": -2.1075,
      "score_b_to_a": -1.8826,
      "vote_alignment": 0.1253
    }
  ],
  "polarization": [
    {
      "name": "Alberto Cowboy",
      "grupo": "Veterano",
      "cluster": 2,
      "avg_received": -1.468,
      "std_received": 2.4775,
      "contradictions": 1,
      "pos_received": 4.35,
      "top_love": [
        {
          "name": "Jonas Sulzbach",
          "score": 1.65
        },
        {
          "name": "Jordana",
          "score": 1.0
        },
        {
          "name": "Marciele",
          "score": 1.0
        }
      ],
      "top_hate": [
        {
          "name": "Leandro",
          "score": -8.28
        },
        {
          "name": "Milena",
          "score": -4.46
        },
        {
          "name": "Ana Paula Renault",
          "score": -2.64
        }
      ]
    },
    {
      "name": "Ana Paula Renault",
      "grupo": "Veterano",
      "cluster": 1,
      "avg_received": -0.4363,
      "std_received": 2.001,
      "contradictions": 0,
      "pos_received": 7.13,
      "top_love": [
        {
          "name": "Milena",
          "score": 1.5
        },
        {
          "name": "Samira",
          "score": 1.3
        },
        {
          "name": "Chaiany",
          "score": 0.86
        }
      ],
      "top_hate": [
        {
          "name": "Maxiane",
          "score": -6.48
        },
        {
          "name": "Alberto Cowboy",
          "score": -1.82
        },
        {
          "name": "Breno",
          "score": -1.48
        }
      ]
    },
    {
      "name": "Babu Santana",
      "grupo": "Veterano",
      "cluster": 1,
      "avg_received": -0.2602,
      "std_received": 2.0748,
      "contradictions": 0,
      "pos_received": 7.8275,
      "top_love": [
        {
          "name": "Juliano Floss",
          "score": 1.5
        },
        {
          "name": "Solange Couto",
          "score": 1.5
        },
        {
          "name": "Chaiany",
          "score": 1.0
        }
      ],
      "top_hate": [
        {
          "name": "Jonas Sulzbach",
          "score": -6.18
        },
        {
          "name": "Gabriela",
          "score": -3.68
        },
        {
          "name": "Jordana",
          "score": -0.81
        }
      ]
    },
    {
      "name": "Breno",
      "grupo": "Pipoca",
      "cluster": 1,
      "avg_received": 0.153,
      "std_received": 1.1347,
      "contradictions": 1,
      "pos_received": 8.5575,
      "top_love": [
        {
          "name": "Gabriela",
          "score": 1.3
        },
        {
          "name": "Maxiane",
          "score": 1.2
        },
        {
          "name": "Babu Santana",
          "score": 1.18
        }
      ],
      "top_hate": [
        {
          "name": "Ana Paula Renault",
          "score": -1.96
        },
        {
          "name": "Milena",
          "score": -1.6
        },
        {
          "name": "Alberto Cowboy",
          "score": -1.4
        }
      ]
    },
    {
      "name": "Chaiany",
      "grupo": "Pipoca",
      "cluster": 1,
      "avg_received": 0.2355,
      "std_received": 1.3558,
      "contradictions": 4,
      "pos_received": 10.15,
      "top_love": [
        {
          "name": "Gabriela",
          "score": 2.61
        },
        {
          "name": "Leandro",
          "score": 1.5
        },
        {
          "name": "Babu Santana",
          "score": 1.0
        }
      ],
      "top_hate": [
        {
          "name": "Alberto Cowboy",
          "score": -2.32
        },
        {
          "name": "Jonas Sulzbach",
          "score": -1.88
        },
        {
          "name": "Jordana",
          "score": -1.54
        }
      ]
    },
    {
      "name": "Gabriela",
      "grupo": "Pipoca",
      "cluster": 2,
      "avg_received": -0.6211,
      "std_received": 1.4285,
      "contradictions": 6,
      "pos_received": 5.55,
      "top_love": [
        {
          "name": "Chaiany",
          "score": 1.5
        },
        {
          "name": "Jonas Sulzbach",
          "score": 1.2
        },
        {
          "name": "Alberto Cowboy",
          "score": 1.0
        }
      ],
      "top_hate": [
        {
          "name": "Solange Couto",
          "score": -2.79
        },
        {
          "name": "Maxiane",
          "score": -2.4
        },
        {
          "name": "Ana Paula Renault",
          "score": -2.13
        }
      ]
    },
    {
      "name": "Jonas Sulzbach",
      "grupo": "Veterano",
      "cluster": 2,
      "avg_received": -1.4411,
      "std_received": 2.513,
      "contradictions": 0,
      "pos_received": 5.11,
      "top_love": [
        {
          "name": "Alberto Cowboy",
          "score": 1.35
        },
        {
          "name": "Gabriela",
          "score": 1.0
        },
        {
          "name": "Jordana",
          "score": 1.0
        }
      ],
      "top_hate": [
        {
          "name": "Babu Santana",
          "score": -7.48
        },
        {
          "name": "Juliano Floss",
          "score": -4.57
        },
        {
          "name": "Leandro",
          "score": -4.16
        }
      ]
    },
    {
      "name": "Jordana",
      "grupo": "Pipoca",
      "cluster": 2,
      "avg_received": -2.0511,
      "std_received": 2.4269,
      "contradictions": 2,
      "pos_received": 5.53,
      "top_love": [
        {
          "name": "Maxiane",
          "score": 1.38
        },
        {
          "name": "Gabriela",
          "score": 1.15
        },
        {
          "name": "Alberto Cowboy",
          "score": 1.0
        }
      ],
      "top_hate": [
        {
          "name": "Chaiany",
          "score": -5.25
        },
        {
          "name": "Ana Paula Renault",
          "score": -4.76
        },
        {
          "name": "Milena",
          "score": -4.17
        }
      ]
    },
    {
      "name": "Juliano Floss",
      "grupo": "Camarote",
      "cluster": 1,
      "avg_received": -0.4975,
      "std_received": 1.6571,
      "contradictions": 1,
      "pos_received": 6.24,
      "top_love": [
        {
          "name": "Babu Santana",
          "score": 1.2
        },
        {
          "name": "Breno",
          "score": 1.0
        },
        {
          "name": "Chaiany",
          "score": 1.0
        }
      ],
      "top_hate": [
        {
          "name": "Marciele",
          "score": -4.46
        },
        {
          "name": "Jonas Sulzbach",
          "score": -2.52
        },
        {
          "name": "Alberto Cowboy",
          "score": -2.35
        }
      ]
    },
    {
      "name": "Leandro",
      "grupo": "Pipoca",
      "cluster": 1,
      "avg_received": -1.2873,
      "std_received": 2.9303,
      "contradictions": 1,
      "pos_received": 6.04,
      "top_love": [
        {
          "name": "Babu Santana",
          "score": 1.0
        },
        {
          "name": "Breno",
          "score": 1.0
        },
        {
          "name": "Chaiany",
          "score": 1.0
        }
      ],
      "top_hate": [
        {
          "name": "Alberto Cowboy",
          "score": -9.72
        },
        {
          "name": "Gabriela",
          "score": -3.75
        },
        {
          "name": "Jordana",
          "score": -3.48
        }
      ]
    },
    {
      "name": "Marciele",
      "grupo": "Pipoca",
      "cluster": 2,
      "avg_received": -0.2029,
      "std_received": 1.1147,
      "contradictions": 1,
      "pos_received": 5.78,
      "top_love": [
        {
          "name": "Jordana",
          "score": 1.5
        },
        {
          "name": "Maxiane",
          "score": 1.5
        },
        {
          "name": "Alberto Cowboy",
          "score": 1.2
        }
      ],
      "top_hate": [
        {
          "name": "Ana Paula Renault",
          "score": -1.81
        },
        {
          "name": "Milena",
          "score": -1.46
        },
        {
          "name": "Juliano Floss",
          "score": -1.26
        }
      ]
    },
    {
      "name": "Maxiane",
      "grupo": "Pipoca",
      "cluster": 2,
      "avg_received": -0.5976,
      "std_received": 1.5225,
      "contradictions": 2,
      "pos_received": 4.63,
      "top_love": [
        {
          "name": "Marciele",
          "score": 1.5
        },
        {
          "name": "Jordana",
          "score": 1.36
        },
        {
          "name": "Jonas Sulzbach",
          "score": 0.87
        }
      ],
      "top_hate": [
        {
          "name": "Ana Paula Renault",
          "score": -4.75
        },
        {
          "name": "Milena",
          "score": -1.78
        },
        {
          "name": "Babu Santana",
          "score": -1.26
        }
      ]
    },
    {
      "name": "Milena",
      "grupo": "Pipoca",
      "cluster": 1,
      "avg_received": -0.8702,
      "std_received": 2.5127,
      "contradictions": 1,
      "pos_received": 8.064,
      "top_love": [
        {
          "name": "Babu Santana",
          "score": 2.02
        },
        {
          "name": "Juliano Floss",
          "score": 1.82
        },
        {
          "name": "Ana Paula Renault",
          "score": 1.5
        }
      ],
      "top_hate": [
        {
          "name": "Alberto Cowboy",
          "score": -7.9
        },
        {
          "name": "Jonas Sulzbach",
          "score": -2.69
        },
        {
          "name": "Maxiane",
          "score": -2.58
        }
      ]
    },
    {
      "name": "Samira",
      "grupo": "Pipoca",
      "cluster": 1,
      "avg_received": -0.8982,
      "std_received": 1.5623,
      "contradictions": 3,
      "pos_received": 3.59,
      "top_love": [
        {
          "name": "Babu Santana",
          "score": 1.0
        },
        {
          "name": "Breno",
          "score": 1.0
        },
        {
          "name": "Chaiany",
          "score": 1.0
        }
      ],
      "top_hate": [
        {
          "name": "Jordana",
          "score": -3.56
        },
        {
          "name": "Maxiane",
          "score": -3.07
        },
        {
          "name": "Marciele",
          "score": -2.86
        }
      ]
    },
    {
      "name": "Solange Couto",
      "grupo": "Camarote",
      "cluster": 1,
      "avg_received": -0.2461,
      "std_received": 1.5308,
      "contradictions": 5,
      "pos_received": 7.33,
      "top_love": [
        {
          "name": "Babu Santana",
          "score": 1.7
        },
        {
          "name": "Breno",
          "score": 1.0
        },
        {
          "name": "Chaiany",
          "score": 1.0
        }
      ],
      "top_hate": [
        {
          "name": "Maxiane",
          "score": -3.04
        },
        {
          "name": "Marciele",
          "score": -2.5
        },
        {
          "name": "Jordana",
          "score": -2.48
        }
      ]
    }
  ],
  "score_matrix_ordered": [
    [
      0.0,
      1.0,
      1.0,
      1.35,
      1.6,
      1.268,
      0.6018,
      1.0137,
      0.925,
      -2.165,
      -6.8285,
      -0.72,
      -1.1025,
      -0.575,
      -2.47
    ],
    [
      1.0,
      0.0,
      1.25,
      1.0,
      1.0,
      0.688,
      0.688,
      1.0,
      1.0,
      -3.395,
      -1.16,
      -0.7662,
      -1.405,
      -0.665,
      2.055
    ],
    [
      1.0,
      1.25,
      0.0,
      1.0,
      1.0,
      0.688,
      0.688,
      1.0,
      -0.72,
      -3.5425,
      -3.64,
      -1.72,
      -8.998,
      -0.7913,
      -2.9225
    ],
    [
      1.35,
      1.0,
      1.0,
      0.0,
      1.0,
      1.168,
      0.688,
      1.0,
      -1.688,
      -1.645,
      -3.543,
      -2.8625,
      -2.2012,
      -1.03,
      -0.135
    ],
    [
      1.6,
      1.0,
      1.0,
      1.0,
      0.0,
      -0.72,
      0.28,
      0.97,
      -0.37,
      -2.8925,
      -0.225,
      -1.4625,
      -1.18,
      -2.15,
      -2.1925
    ],
    [
      1.268,
      0.688,
      0.688,
      1.168,
      -0.72,
      0.0,
      1.5,
      -1.39,
      0.53,
      -3.005,
      -2.6645,
      -1.545,
      -6.18,
      -2.18,
      -0.9695
    ],
    [
      0.6018,
      0.688,
      0.688,
      0.688,
      0.28,
      1.5,
      0.0,
      -1.72,
      0.82,
      -2.9925,
      -1.9445,
      -1.395,
      -2.232,
      -5.613,
      -0.797
    ],
    [
      1.0137,
      1.0,
      1.0,
      1.0,
      0.97,
      -1.39,
      -1.72,
      0.0,
      0.97,
      -1.8625,
      -0.855,
      -0.205,
      -1.68,
      0.365,
      0.4375
    ],
    [
      0.925,
      1.0,
      -0.72,
      -1.688,
      -0.37,
      0.53,
      0.82,
      0.97,
      0.0,
      -3.5725,
      -0.645,
      -1.845,
      -1.69,
      -1.95,
      -0.38
    ],
    [
      -2.165,
      -3.395,
      -3.5425,
      -1.645,
      -2.8925,
      -3.005,
      -2.9925,
      -1.8625,
      -3.5725,
      0.0,
      1.0,
      1.25,
      1.0,
      1.37,
      1.075
    ],
    [
      -6.8285,
      -1.16,
      -3.64,
      -3.543,
      -0.225,
      -2.6645,
      -1.9445,
      -0.855,
      -0.645,
      1.0,
      0.0,
      1.075,
      1.5,
      0.815,
      1.1
    ],
    [
      -0.72,
      -0.7662,
      -1.72,
      -2.8625,
      -1.4625,
      -1.545,
      -1.395,
      -0.205,
      -1.845,
      1.25,
      1.075,
      0.0,
      1.1,
      1.5,
      -0.39
    ],
    [
      -1.1025,
      -1.405,
      -8.998,
      -2.2012,
      -1.18,
      -6.18,
      -2.232,
      -1.68,
      -1.69,
      1.0,
      1.5,
      1.1,
      0.0,
      0.55,
      0.235
    ],
    [
      -0.575,
      -0.665,
      -0.7913,
      -1.03,
      -2.15,
      -2.18,
      -5.613,
      0.365,
      -1.95,
      1.37,
      0.815,
      1.5,
      0.55,
      0.0,
      -0.95
    ],
    [
      -2.47,
      2.055,
      -2.9225,
      -0.135,
      -2.1925,
      -0.9695,
      -0.797,
      0.4375,
      -0.38,
      1.075,
      1.1,
      -0.39,
      0.235,
      -0.95,
      0.0
    ]
  ],
  "vote_matrix_ordered": [
    [
      0.0,
      0.75,
      0.75,
      1.0,
      0.5,
      0.75,
      0.75,
      0.75,
      0.5,
      0.0,
      0.0,
      0.0,
      0.0,
      0.0,
      0.0
    ],
    [
      0.75,
      0.0,
      0.8,
      0.8,
      0.4,
      0.8,
      0.75,
      0.8,
      0.4,
      0.0,
      0.0,
      0.0,
      0.0,
      0.0,
      0.0
    ],
    [
      0.75,
      0.8,
      0.0,
      0.8,
      0.4,
      0.8,
      0.75,
      0.8,
      0.4,
      0.0,
      0.0,
      0.0,
      0.0,
      0.0,
      0.0
    ],
    [
      1.0,
      0.8,
      0.8,
      0.0,
      0.4,
      0.8,
      0.75,
      0.8,
      0.4,
      0.0,
      0.0,
      0.0,
      0.0,
      0.0,
      0.0
    ],
    [
      0.5,
      0.4,
      0.4,
      0.4,
      0.0,
      0.6,
      0.75,
      0.6,
      0.6,
      0.0,
      0.5,
      0.0,
      0.0,
      0.25,
      0.2
    ],
    [
      0.75,
      0.8,
      0.8,
      0.8,
      0.6,
      0.0,
      1.0,
      1.0,
      0.6,
      0.0,
      0.5,
      0.0,
      0.0,
      0.25,
      0.2
    ],
    [
      0.75,
      0.75,
      0.75,
      0.75,
      0.75,
      1.0,
      0.0,
      1.0,
      0.75,
      0.0,
      0.5,
      0.0,
      0.0,
      0.3333,
      0.25
    ],
    [
      0.75,
      0.8,
      0.8,
      0.8,
      0.6,
      1.0,
      1.0,
      0.0,
      0.6,
      0.0,
      0.5,
      0.0,
      0.0,
      0.25,
      0.2
    ],
    [
      0.5,
      0.4,
      0.4,
      0.4,
      0.6,
      0.6,
      0.75,
      0.6,
      0.0,
      0.2,
      1.0,
      0.4,
      0.3333,
      0.5,
      0.4
    ],
    [
      0.0,
      0.0,
      0.0,
      0.0,
      0.0,
      0.0,
      0.0,
      0.0,
      0.2,
      0.0,
      0.5,
      0.6,
      0.6667,
      0.5,
      0.4
    ],
    [
      0.0,
      0.0,
      0.0,
      0.0,
      0.5,
      0.5,
      0.5,
      0.5,
      1.0,
      0.5,
      0.0,
      0.5,
      1.0,
      1.0,
      1.0
    ],
    [
      0.0,
      0.0,
      0.0,
      0.0,
      0.0,
      0.0,
      0.0,
      0.0,
      0.4,
      0.6,
      0.5,
      0.0,
      0.6667,
      0.75,
      0.4
    ],
    [
      0.0,
      0.0,
      0.0,
      0.0,
      0.0,
      0.0,
      0.0,
      0.0,
      0.3333,
      0.6667,
      1.0,
      0.6667,
      0.0,
      0.5,
      0.6667
    ],
    [
      0.0,
      0.0,
      0.0,
      0.0,
      0.25,
      0.25,
      0.3333,
      0.25,
      0.5,
      0.5,
      1.0,
      0.75,
      0.5,
      0.0,
      0.5
    ],
    [
      0.0,
      0.0,
      0.0,
      0.0,
      0.2,
      0.2,
      0.25,
      0.2,
      0.4,
      0.4,
      1.0,
      0.4,
      0.6667,
      0.5,
      0.0
    ]
  ]
}