{
  "_metadata": {
    "generated_at": "2026-03-15T06:21:13.136617+00:00",
    "date": "2026-03-14",
    "week": 9,
    "reference_date": "2026-03-14",
    "n_active": 13,
    "n_clusters": 2,
    "n_paredoes": 8,
    "n_contradictions": 31,
    "n_tensions": 1,
    "silhouette_coefficient": 0.4279,
    "resolution_used": 0.5,
    "best_cohesion": {
      "label": 2,
      "name": "Aliança Grupo Misto",
      "score": 1.56
    },
    "worst_rivalry": {
      "key": "1<>2",
      "score": -4.5407,
      "text": "Frente Grupo Misto vs Aliança Grupo Misto"
    }
  },
  "active_names": [
    "Alberto Cowboy",
    "Ana Paula Renault",
    "Breno",
    "Chaiany",
    "Gabriela",
    "Jonas Sulzbach",
    "Jordana",
    "Juliano Floss",
    "Leandro",
    "Marciele",
    "Milena",
    "Samira",
    "Solange Couto"
  ],
  "cluster_order": [
    "Chaiany",
    "Breno",
    "Juliano Floss",
    "Ana Paula Renault",
    "Leandro",
    "Samira",
    "Milena",
    "Solange Couto",
    "Gabriela",
    "Alberto Cowboy",
    "Jonas Sulzbach",
    "Jordana",
    "Marciele"
  ],
  "communities": [
    {
      "label": 1,
      "name": "Frente Grupo Misto",
      "color": "#e74c3c",
      "members": [
        "Ana Paula Renault",
        "Breno",
        "Chaiany",
        "Gabriela",
        "Juliano Floss",
        "Leandro",
        "Milena",
        "Samira",
        "Solange Couto"
      ],
      "group_composition": {
        "Pipoca": 6,
        "Camarote": 2,
        "Veterano": 1
      },
      "cohesion": -0.2407,
      "best_external": {
        "label": 2,
        "name": "Aliança Grupo Misto",
        "score": -4.5407
      },
      "worst_external": {
        "label": 2,
        "name": "Aliança Grupo Misto",
        "score": -4.5407
      }
    },
    {
      "label": 2,
      "name": "Aliança Grupo Misto",
      "color": "#3498db",
      "members": [
        "Alberto Cowboy",
        "Jonas Sulzbach",
        "Jordana",
        "Marciele"
      ],
      "group_composition": {
        "Veterano": 2,
        "Pipoca": 2
      },
      "cohesion": 1.56,
      "best_external": {
        "label": 1,
        "name": "Frente Grupo Misto",
        "score": -4.5407
      },
      "worst_external": {
        "label": 1,
        "name": "Frente Grupo Misto",
        "score": -4.5407
      }
    }
  ],
  "inter_cluster": [
    {
      "cluster_a": 1,
      "cluster_b": 2,
      "name_a": "Frente Grupo Misto",
      "name_b": "Aliança Grupo Misto",
      "score_sym": -4.5407,
      "score_a_to_b": -4.9039,
      "score_b_to_a": -4.1775,
      "vote_alignment": 0.1614
    }
  ],
  "polarization": [
    {
      "name": "Alberto Cowboy",
      "grupo": "Veterano",
      "cluster": 2,
      "avg_received": -4.2073,
      "std_received": 4.7607,
      "contradictions": 2,
      "pos_received": 4.95,
      "top_love": [
        {
          "name": "Jonas Sulzbach",
          "score": 2.35
        },
        {
          "name": "Jordana",
          "score": 1.3
        },
        {
          "name": "Marciele",
          "score": 1.3
        }
      ],
      "top_hate": [
        {
          "name": "Leandro",
          "score": -12.08
        },
        {
          "name": "Milena",
          "score": -10.57
        },
        {
          "name": "Breno",
          "score": -9.88
        }
      ]
    },
    {
      "name": "Ana Paula Renault",
      "grupo": "Veterano",
      "cluster": 1,
      "avg_received": -0.9437,
      "std_received": 2.2552,
      "contradictions": 0,
      "pos_received": 6.666,
      "top_love": [
        {
          "name": "Milena",
          "score": 3.31
        },
        {
          "name": "Samira",
          "score": 2.0
        },
        {
          "name": "Juliano Floss",
          "score": 1.36
        }
      ],
      "top_hate": [
        {
          "name": "Alberto Cowboy",
          "score": -5.21
        },
        {
          "name": "Jonas Sulzbach",
          "score": -3.51
        },
        {
          "name": "Marciele",
          "score": -2.28
        }
      ]
    },
    {
      "name": "Breno",
      "grupo": "Pipoca",
      "cluster": 1,
      "avg_received": -1.8605,
      "std_received": 3.3322,
      "contradictions": 2,
      "pos_received": 5.68,
      "top_love": [
        {
          "name": "Samira",
          "score": 1.41
        },
        {
          "name": "Solange Couto",
          "score": 1.17
        },
        {
          "name": "Leandro",
          "score": 1.1
        }
      ],
      "top_hate": [
        {
          "name": "Jordana",
          "score": -8.14
        },
        {
          "name": "Alberto Cowboy",
          "score": -7.82
        },
        {
          "name": "Marciele",
          "score": -4.92
        }
      ]
    },
    {
      "name": "Chaiany",
      "grupo": "Pipoca",
      "cluster": 1,
      "avg_received": -0.534,
      "std_received": 2.7548,
      "contradictions": 4,
      "pos_received": 10.22,
      "top_love": [
        {
          "name": "Gabriela",
          "score": 3.31
        },
        {
          "name": "Leandro",
          "score": 2.0
        },
        {
          "name": "Breno",
          "score": 1.5
        }
      ],
      "top_hate": [
        {
          "name": "Jordana",
          "score": -6.87
        },
        {
          "name": "Alberto Cowboy",
          "score": -4.25
        },
        {
          "name": "Jonas Sulzbach",
          "score": -1.73
        }
      ]
    },
    {
      "name": "Gabriela",
      "grupo": "Pipoca",
      "cluster": 1,
      "avg_received": -0.7708,
      "std_received": 1.9267,
      "contradictions": 6,
      "pos_received": 6.19,
      "top_love": [
        {
          "name": "Chaiany",
          "score": 3.31
        },
        {
          "name": "Jordana",
          "score": 1.1
        },
        {
          "name": "Alberto Cowboy",
          "score": 0.95
        }
      ],
      "top_hate": [
        {
          "name": "Leandro",
          "score": -3.9
        },
        {
          "name": "Solange Couto",
          "score": -2.78
        },
        {
          "name": "Milena",
          "score": -2.26
        }
      ]
    },
    {
      "name": "Jonas Sulzbach",
      "grupo": "Veterano",
      "cluster": 2,
      "avg_received": -2.5185,
      "std_received": 3.7384,
      "contradictions": 0,
      "pos_received": 5.34,
      "top_love": [
        {
          "name": "Alberto Cowboy",
          "score": 3.01
        },
        {
          "name": "Jordana",
          "score": 1.2
        },
        {
          "name": "Marciele",
          "score": 0.63
        }
      ],
      "top_hate": [
        {
          "name": "Milena",
          "score": -10.53
        },
        {
          "name": "Juliano Floss",
          "score": -7.02
        },
        {
          "name": "Leandro",
          "score": -5.96
        }
      ]
    },
    {
      "name": "Jordana",
      "grupo": "Pipoca",
      "cluster": 2,
      "avg_received": -4.1552,
      "std_received": 4.5072,
      "contradictions": 4,
      "pos_received": 5.6,
      "top_love": [
        {
          "name": "Alberto Cowboy",
          "score": 1.65
        },
        {
          "name": "Marciele",
          "score": 1.5
        },
        {
          "name": "Gabriela",
          "score": 1.25
        }
      ],
      "top_hate": [
        {
          "name": "Chaiany",
          "score": -11.42
        },
        {
          "name": "Breno",
          "score": -10.24
        },
        {
          "name": "Samira",
          "score": -7.71
        }
      ]
    },
    {
      "name": "Juliano Floss",
      "grupo": "Camarote",
      "cluster": 1,
      "avg_received": -2.0541,
      "std_received": 3.7654,
      "contradictions": 0,
      "pos_received": 6.63,
      "top_love": [
        {
          "name": "Breno",
          "score": 1.34
        },
        {
          "name": "Leandro",
          "score": 1.3
        },
        {
          "name": "Chaiany",
          "score": 1.1
        }
      ],
      "top_hate": [
        {
          "name": "Marciele",
          "score": -9.2
        },
        {
          "name": "Gabriela",
          "score": -7.51
        },
        {
          "name": "Alberto Cowboy",
          "score": -6.45
        }
      ]
    },
    {
      "name": "Leandro",
      "grupo": "Pipoca",
      "cluster": 1,
      "avg_received": -2.0579,
      "std_received": 3.2494,
      "contradictions": 0,
      "pos_received": 4.9,
      "top_love": [
        {
          "name": "Solange Couto",
          "score": 1.3
        },
        {
          "name": "Breno",
          "score": 1.2
        },
        {
          "name": "Chaiany",
          "score": 1.2
        }
      ],
      "top_hate": [
        {
          "name": "Alberto Cowboy",
          "score": -10.07
        },
        {
          "name": "Gabriela",
          "score": -4.59
        },
        {
          "name": "Jonas Sulzbach",
          "score": -4.29
        }
      ]
    },
    {
      "name": "Marciele",
      "grupo": "Pipoca",
      "cluster": 2,
      "avg_received": -2.2708,
      "std_received": 3.0767,
      "contradictions": 2,
      "pos_received": 5.28,
      "top_love": [
        {
          "name": "Jordana",
          "score": 2.0
        },
        {
          "name": "Alberto Cowboy",
          "score": 1.55
        },
        {
          "name": "Jonas Sulzbach",
          "score": 1.03
        }
      ],
      "top_hate": [
        {
          "name": "Juliano Floss",
          "score": -8.46
        },
        {
          "name": "Breno",
          "score": -4.92
        },
        {
          "name": "Ana Paula Renault",
          "score": -4.76
        }
      ]
    },
    {
      "name": "Milena",
      "grupo": "Pipoca",
      "cluster": 1,
      "avg_received": -2.5707,
      "std_received": 4.8348,
      "contradictions": 0,
      "pos_received": 7.006,
      "top_love": [
        {
          "name": "Ana Paula Renault",
          "score": 2.2
        },
        {
          "name": "Juliano Floss",
          "score": 2.12
        },
        {
          "name": "Samira",
          "score": 1.92
        }
      ],
      "top_hate": [
        {
          "name": "Alberto Cowboy",
          "score": -12.41
        },
        {
          "name": "Jonas Sulzbach",
          "score": -12.28
        },
        {
          "name": "Solange Couto",
          "score": -4.01
        }
      ]
    },
    {
      "name": "Samira",
      "grupo": "Pipoca",
      "cluster": 1,
      "avg_received": -1.5142,
      "std_received": 2.3108,
      "contradictions": 2,
      "pos_received": 3.32,
      "top_love": [
        {
          "name": "Breno",
          "score": 1.61
        },
        {
          "name": "Ana Paula Renault",
          "score": 0.84
        },
        {
          "name": "Milena",
          "score": 0.69
        }
      ],
      "top_hate": [
        {
          "name": "Jordana",
          "score": -6.21
        },
        {
          "name": "Marciele",
          "score": -4.67
        },
        {
          "name": "Solange Couto",
          "score": -3.65
        }
      ]
    },
    {
      "name": "Solange Couto",
      "grupo": "Camarote",
      "cluster": 1,
      "avg_received": -1.6704,
      "std_received": 2.3628,
      "contradictions": 8,
      "pos_received": 3.65,
      "top_love": [
        {
          "name": "Chaiany",
          "score": 1.45
        },
        {
          "name": "Leandro",
          "score": 1.2
        },
        {
          "name": "Breno",
          "score": 1.0
        }
      ],
      "top_hate": [
        {
          "name": "Jordana",
          "score": -6.84
        },
        {
          "name": "Marciele",
          "score": -4.32
        },
        {
          "name": "Gabriela",
          "score": -3.24
        }
      ]
    }
  ],
  "score_matrix_ordered": [
    [
      0.0,
      1.25,
      1.055,
      -0.802,
      1.6,
      0.45,
      -0.792,
      1.475,
      3.31,
      -2.58,
      -1.8725,
      -9.143,
      -2.5013
    ],
    [
      1.25,
      0.0,
      1.17,
      -1.5,
      1.15,
      1.51,
      -0.31,
      1.085,
      -0.77,
      -8.848,
      -3.36,
      -9.188,
      -4.92
    ],
    [
      1.055,
      1.17,
      0.0,
      1.088,
      1.25,
      -1.653,
      1.543,
      0.3925,
      -4.525,
      -6.4612,
      -5.9655,
      -2.7075,
      -8.8275
    ],
    [
      -0.802,
      -1.5,
      1.088,
      0.0,
      -0.9245,
      1.42,
      2.755,
      -2.2625,
      -1.4445,
      -5.8445,
      -3.742,
      -2.8325,
      -3.52
    ],
    [
      1.6,
      1.15,
      1.25,
      -0.9245,
      0.0,
      -1.4825,
      -0.427,
      1.25,
      -4.245,
      -11.073,
      -5.125,
      -5.2775,
      -3.41
    ],
    [
      0.45,
      1.51,
      -1.653,
      1.42,
      -1.4825,
      0.0,
      1.305,
      -3.0375,
      -0.405,
      -3.575,
      -2.28,
      -6.9605,
      -4.435
    ],
    [
      -0.792,
      -0.31,
      1.543,
      2.755,
      -0.427,
      1.305,
      0.0,
      -3.23,
      -2.902,
      -11.493,
      -11.408,
      -5.22,
      -1.525
    ],
    [
      1.475,
      1.085,
      0.3925,
      -2.2625,
      1.25,
      -3.0375,
      -3.23,
      0.0,
      -3.01,
      -1.83,
      0.1125,
      -5.91,
      -2.7625
    ],
    [
      3.31,
      -0.77,
      -4.525,
      -1.4445,
      -4.245,
      -0.405,
      -2.902,
      -3.01,
      0.0,
      -0.245,
      0.28,
      1.175,
      -0.19
    ],
    [
      -2.58,
      -8.848,
      -6.4612,
      -5.8445,
      -11.073,
      -3.575,
      -11.493,
      -1.83,
      -0.245,
      0.0,
      2.68,
      1.475,
      1.425
    ],
    [
      -1.8725,
      -3.36,
      -5.9655,
      -3.742,
      -5.125,
      -2.28,
      -11.408,
      0.1125,
      0.28,
      2.68,
      0.0,
      1.2,
      0.83
    ],
    [
      -9.143,
      -9.188,
      -2.7075,
      -2.8325,
      -5.2775,
      -6.9605,
      -5.22,
      -5.91,
      1.175,
      1.475,
      1.2,
      0.0,
      1.75
    ],
    [
      -2.5013,
      -4.92,
      -8.8275,
      -3.52,
      -3.41,
      -4.435,
      -1.525,
      -2.7625,
      -0.19,
      1.425,
      0.83,
      1.75,
      0.0
    ]
  ],
  "vote_matrix_ordered": [
    [
      0.0,
      0.75,
      0.625,
      0.4286,
      0.75,
      0.2857,
      0.625,
      0.5,
      0.0,
      0.0,
      0.0,
      0.0,
      0.0
    ],
    [
      0.75,
      0.0,
      0.75,
      0.7143,
      0.875,
      0.5714,
      0.875,
      0.75,
      0.125,
      0.0,
      0.3333,
      0.0,
      0.0
    ],
    [
      0.625,
      0.75,
      0.0,
      0.7143,
      0.75,
      0.5714,
      0.625,
      0.5,
      0.0,
      0.0,
      0.0,
      0.0,
      0.0
    ],
    [
      0.4286,
      0.7143,
      0.7143,
      0.0,
      0.5714,
      0.8333,
      0.8571,
      0.5714,
      0.1429,
      0.0,
      0.3333,
      0.0,
      0.0
    ],
    [
      0.75,
      0.875,
      0.75,
      0.5714,
      0.0,
      0.4286,
      0.75,
      0.625,
      0.0,
      0.0,
      0.0,
      0.0,
      0.0
    ],
    [
      0.2857,
      0.5714,
      0.5714,
      0.8333,
      0.4286,
      0.0,
      0.5714,
      0.5714,
      0.2857,
      0.25,
      1.0,
      0.1429,
      0.2857
    ],
    [
      0.625,
      0.875,
      0.625,
      0.8571,
      0.75,
      0.5714,
      0.0,
      0.625,
      0.125,
      0.0,
      0.3333,
      0.0,
      0.0
    ],
    [
      0.5,
      0.75,
      0.5,
      0.5714,
      0.625,
      0.5714,
      0.625,
      0.0,
      0.125,
      0.0,
      0.3333,
      0.0,
      0.0
    ],
    [
      0.0,
      0.125,
      0.0,
      0.1429,
      0.0,
      0.2857,
      0.125,
      0.125,
      0.0,
      0.8,
      1.0,
      0.5,
      0.5
    ],
    [
      0.0,
      0.0,
      0.0,
      0.0,
      0.0,
      0.25,
      0.0,
      0.0,
      0.8,
      0.0,
      1.0,
      0.8,
      0.8
    ],
    [
      0.0,
      0.3333,
      0.0,
      0.3333,
      0.0,
      1.0,
      0.3333,
      0.3333,
      1.0,
      1.0,
      0.0,
      0.6667,
      0.6667
    ],
    [
      0.0,
      0.0,
      0.0,
      0.0,
      0.0,
      0.1429,
      0.0,
      0.0,
      0.5,
      0.8,
      0.6667,
      0.0,
      0.75
    ],
    [
      0.0,
      0.0,
      0.0,
      0.0,
      0.0,
      0.2857,
      0.0,
      0.0,
      0.5,
      0.8,
      0.6667,
      0.75,
      0.0
    ]
  ]
}