{
  "_metadata": {
    "generated_at": "2026-03-08T17:47:14.887252+00:00",
    "date": "2026-03-08",
    "week": 8,
    "reference_date": "2026-03-08",
    "n_active": 14,
    "n_clusters": 3,
    "n_paredoes": 7,
    "n_contradictions": 33,
    "n_tensions": 3,
    "silhouette_coefficient": 0.1349,
    "resolution_used": 0.5,
    "best_cohesion": {
      "label": 2,
      "name": "Aliança Grupo Misto",
      "score": 1.6592
    },
    "worst_rivalry": {
      "key": "2<>3",
      "score": -4.2648,
      "text": "Aliança Grupo Misto vs Aliança Grupo Misto A"
    }
  },
  "active_names": [
    "Alberto Cowboy",
    "Ana Paula Renault",
    "Babu Santana",
    "Breno",
    "Chaiany",
    "Gabriela",
    "Jonas Sulzbach",
    "Jordana",
    "Juliano Floss",
    "Leandro",
    "Marciele",
    "Milena",
    "Samira",
    "Solange Couto"
  ],
  "cluster_order": [
    "Chaiany",
    "Babu Santana",
    "Breno",
    "Solange Couto",
    "Juliano Floss",
    "Leandro",
    "Gabriela",
    "Alberto Cowboy",
    "Jonas Sulzbach",
    "Marciele",
    "Jordana",
    "Ana Paula Renault",
    "Milena",
    "Samira"
  ],
  "communities": [
    {
      "label": 1,
      "name": "Grupo Misto",
      "color": "#e74c3c",
      "members": [
        "Babu Santana",
        "Breno",
        "Chaiany",
        "Gabriela",
        "Juliano Floss",
        "Leandro",
        "Solange Couto"
      ],
      "group_composition": {
        "Pipoca": 4,
        "Camarote": 2,
        "Veterano": 1
      },
      "cohesion": 0.3201,
      "best_external": {
        "label": 3,
        "name": "Aliança Grupo Misto A",
        "score": -1.1066
      },
      "worst_external": {
        "label": 2,
        "name": "Aliança Grupo Misto",
        "score": -3.3568
      }
    },
    {
      "label": 2,
      "name": "Aliança Grupo Misto",
      "color": "#3498db",
      "members": [
        "Alberto Cowboy",
        "Jonas Sulzbach",
        "Jordana",
        "Marciele"
      ],
      "group_composition": {
        "Veterano": 2,
        "Pipoca": 2
      },
      "cohesion": 1.6592,
      "best_external": {
        "label": 1,
        "name": "Grupo Misto",
        "score": -3.3568
      },
      "worst_external": {
        "label": 3,
        "name": "Aliança Grupo Misto A",
        "score": -4.2648
      }
    },
    {
      "label": 3,
      "name": "Aliança Grupo Misto A",
      "color": "#2ecc71",
      "members": [
        "Ana Paula Renault",
        "Milena",
        "Samira"
      ],
      "group_composition": {
        "Pipoca": 2,
        "Veterano": 1
      },
      "cohesion": 1.5767,
      "best_external": {
        "label": 1,
        "name": "Grupo Misto",
        "score": -1.1066
      },
      "worst_external": {
        "label": 2,
        "name": "Aliança Grupo Misto",
        "score": -4.2648
      }
    }
  ],
  "inter_cluster": [
    {
      "cluster_a": 1,
      "cluster_b": 2,
      "name_a": "Grupo Misto",
      "name_b": "Aliança Grupo Misto",
      "score_sym": -3.3568,
      "score_a_to_b": -3.6558,
      "score_b_to_a": -3.0578,
      "vote_alignment": 0.1289
    },
    {
      "cluster_a": 1,
      "cluster_b": 3,
      "name_a": "Grupo Misto",
      "name_b": "Aliança Grupo Misto A",
      "score_sym": -1.1066,
      "score_a_to_b": -0.8493,
      "score_b_to_a": -1.364,
      "vote_alignment": 0.5717
    },
    {
      "cluster_a": 2,
      "cluster_b": 3,
      "name_a": "Aliança Grupo Misto",
      "name_b": "Aliança Grupo Misto A",
      "score_sym": -4.2648,
      "score_a_to_b": -3.8952,
      "score_b_to_a": -4.6343,
      "vote_alignment": 0.2014
    }
  ],
  "polarization": [
    {
      "name": "Alberto Cowboy",
      "grupo": "Veterano",
      "cluster": 2,
      "avg_received": -3.6759,
      "std_received": 4.0723,
      "contradictions": 2,
      "pos_received": 4.95,
      "top_love": [
        {
          "name": "Jonas Sulzbach",
          "score": 2.35
        },
        {
          "name": "Jordana",
          "score": 1.3
        },
        {
          "name": "Marciele",
          "score": 1.3
        }
      ],
      "top_hate": [
        {
          "name": "Leandro",
          "score": -11.28
        },
        {
          "name": "Breno",
          "score": -8.76
        },
        {
          "name": "Milena",
          "score": -7.76
        }
      ]
    },
    {
      "name": "Ana Paula Renault",
      "grupo": "Veterano",
      "cluster": 3,
      "avg_received": -1.0864,
      "std_received": 1.9173,
      "contradictions": 0,
      "pos_received": 5.436,
      "top_love": [
        {
          "name": "Milena",
          "score": 2.2
        },
        {
          "name": "Samira",
          "score": 1.88
        },
        {
          "name": "Juliano Floss",
          "score": 1.36
        }
      ],
      "top_hate": [
        {
          "name": "Alberto Cowboy",
          "score": -4.56
        },
        {
          "name": "Jonas Sulzbach",
          "score": -3.0
        },
        {
          "name": "Babu Santana",
          "score": -2.85
        }
      ]
    },
    {
      "name": "Babu Santana",
      "grupo": "Veterano",
      "cluster": 1,
      "avg_received": -1.273,
      "std_received": 3.0703,
      "contradictions": 0,
      "pos_received": 9.05,
      "top_love": [
        {
          "name": "Solange Couto",
          "score": 2.2
        },
        {
          "name": "Juliano Floss",
          "score": 2.17
        },
        {
          "name": "Leandro",
          "score": 1.7
        }
      ],
      "top_hate": [
        {
          "name": "Jonas Sulzbach",
          "score": -7.14
        },
        {
          "name": "Ana Paula Renault",
          "score": -5.2
        },
        {
          "name": "Gabriela",
          "score": -4.98
        }
      ]
    },
    {
      "name": "Breno",
      "grupo": "Pipoca",
      "cluster": 1,
      "avg_received": -1.7168,
      "std_received": 2.725,
      "contradictions": 2,
      "pos_received": 3.4275,
      "top_love": [
        {
          "name": "Babu Santana",
          "score": 0.86
        },
        {
          "name": "Leandro",
          "score": 0.68
        },
        {
          "name": "Chaiany",
          "score": 0.58
        }
      ],
      "top_hate": [
        {
          "name": "Jordana",
          "score": -7.52
        },
        {
          "name": "Alberto Cowboy",
          "score": -6.34
        },
        {
          "name": "Marciele",
          "score": -4.39
        }
      ]
    },
    {
      "name": "Chaiany",
      "grupo": "Pipoca",
      "cluster": 1,
      "avg_received": -0.0694,
      "std_received": 2.0428,
      "contradictions": 4,
      "pos_received": 10.86,
      "top_love": [
        {
          "name": "Gabriela",
          "score": 3.31
        },
        {
          "name": "Leandro",
          "score": 2.0
        },
        {
          "name": "Breno",
          "score": 1.5
        }
      ],
      "top_hate": [
        {
          "name": "Alberto Cowboy",
          "score": -4.27
        },
        {
          "name": "Jordana",
          "score": -2.41
        },
        {
          "name": "Milena",
          "score": -2.37
        }
      ]
    },
    {
      "name": "Gabriela",
      "grupo": "Pipoca",
      "cluster": 1,
      "avg_received": -1.0654,
      "std_received": 2.1352,
      "contradictions": 8,
      "pos_received": 6.63,
      "top_love": [
        {
          "name": "Chaiany",
          "score": 3.31
        },
        {
          "name": "Jonas Sulzbach",
          "score": 1.3
        },
        {
          "name": "Jordana",
          "score": 1.07
        }
      ],
      "top_hate": [
        {
          "name": "Leandro",
          "score": -3.9
        },
        {
          "name": "Babu Santana",
          "score": -3.83
        },
        {
          "name": "Solange Couto",
          "score": -3.77
        }
      ]
    },
    {
      "name": "Jonas Sulzbach",
      "grupo": "Veterano",
      "cluster": 2,
      "avg_received": -2.1086,
      "std_received": 3.5572,
      "contradictions": 0,
      "pos_received": 6.18,
      "top_love": [
        {
          "name": "Alberto Cowboy",
          "score": 3.01
        },
        {
          "name": "Jordana",
          "score": 1.2
        },
        {
          "name": "Marciele",
          "score": 1.2
        }
      ],
      "top_hate": [
        {
          "name": "Babu Santana",
          "score": -8.78
        },
        {
          "name": "Milena",
          "score": -7.4
        },
        {
          "name": "Juliano Floss",
          "score": -5.51
        }
      ]
    },
    {
      "name": "Jordana",
      "grupo": "Pipoca",
      "cluster": 2,
      "avg_received": -3.202,
      "std_received": 3.3447,
      "contradictions": 4,
      "pos_received": 5.57,
      "top_love": [
        {
          "name": "Alberto Cowboy",
          "score": 1.65
        },
        {
          "name": "Marciele",
          "score": 1.5
        },
        {
          "name": "Gabriela",
          "score": 1.22
        }
      ],
      "top_hate": [
        {
          "name": "Samira",
          "score": -7.89
        },
        {
          "name": "Breno",
          "score": -7.41
        },
        {
          "name": "Chaiany",
          "score": -6.15
        }
      ]
    },
    {
      "name": "Juliano Floss",
      "grupo": "Camarote",
      "cluster": 1,
      "avg_received": -1.3953,
      "std_received": 3.092,
      "contradictions": 2,
      "pos_received": 7.88,
      "top_love": [
        {
          "name": "Babu Santana",
          "score": 1.4
        },
        {
          "name": "Breno",
          "score": 1.34
        },
        {
          "name": "Leandro",
          "score": 1.3
        }
      ],
      "top_hate": [
        {
          "name": "Marciele",
          "score": -8.08
        },
        {
          "name": "Alberto Cowboy",
          "score": -5.8
        },
        {
          "name": "Gabriela",
          "score": -4.25
        }
      ]
    },
    {
      "name": "Leandro",
      "grupo": "Pipoca",
      "cluster": 1,
      "avg_received": -1.77,
      "std_received": 3.2617,
      "contradictions": 0,
      "pos_received": 6.4,
      "top_love": [
        {
          "name": "Babu Santana",
          "score": 1.5
        },
        {
          "name": "Solange Couto",
          "score": 1.3
        },
        {
          "name": "Breno",
          "score": 1.2
        }
      ],
      "top_hate": [
        {
          "name": "Alberto Cowboy",
          "score": -10.22
        },
        {
          "name": "Gabriela",
          "score": -4.59
        },
        {
          "name": "Jordana",
          "score": -4.11
        }
      ]
    },
    {
      "name": "Marciele",
      "grupo": "Pipoca",
      "cluster": 2,
      "avg_received": -1.6338,
      "std_received": 2.2832,
      "contradictions": 2,
      "pos_received": 5.9,
      "top_love": [
        {
          "name": "Jordana",
          "score": 2.0
        },
        {
          "name": "Jonas Sulzbach",
          "score": 1.65
        },
        {
          "name": "Alberto Cowboy",
          "score": 1.55
        }
      ],
      "top_hate": [
        {
          "name": "Juliano Floss",
          "score": -5.44
        },
        {
          "name": "Breno",
          "score": -4.09
        },
        {
          "name": "Chaiany",
          "score": -3.15
        }
      ]
    },
    {
      "name": "Milena",
      "grupo": "Pipoca",
      "cluster": 3,
      "avg_received": -1.7502,
      "std_received": 3.3626,
      "contradictions": 0,
      "pos_received": 6.826,
      "top_love": [
        {
          "name": "Ana Paula Renault",
          "score": 2.2
        },
        {
          "name": "Juliano Floss",
          "score": 2.12
        },
        {
          "name": "Samira",
          "score": 1.92
        }
      ],
      "top_hate": [
        {
          "name": "Alberto Cowboy",
          "score": -9.2
        },
        {
          "name": "Jonas Sulzbach",
          "score": -7.51
        },
        {
          "name": "Jordana",
          "score": -3.14
        }
      ]
    },
    {
      "name": "Samira",
      "grupo": "Pipoca",
      "cluster": 3,
      "avg_received": -1.4032,
      "std_received": 2.0923,
      "contradictions": 2,
      "pos_received": 2.15,
      "top_love": [
        {
          "name": "Ana Paula Renault",
          "score": 0.72
        },
        {
          "name": "Breno",
          "score": 0.63
        },
        {
          "name": "Milena",
          "score": 0.54
        }
      ],
      "top_hate": [
        {
          "name": "Jordana",
          "score": -6.12
        },
        {
          "name": "Marciele",
          "score": -4.16
        },
        {
          "name": "Alberto Cowboy",
          "score": -3.5
        }
      ]
    },
    {
      "name": "Solange Couto",
      "grupo": "Camarote",
      "cluster": 1,
      "avg_received": -0.4654,
      "std_received": 1.7462,
      "contradictions": 8,
      "pos_received": 7.71,
      "top_love": [
        {
          "name": "Babu Santana",
          "score": 2.4
        },
        {
          "name": "Chaiany",
          "score": 1.45
        },
        {
          "name": "Leandro",
          "score": 1.2
        }
      ],
      "top_hate": [
        {
          "name": "Jordana",
          "score": -3.11
        },
        {
          "name": "Gabriela",
          "score": -2.7
        },
        {
          "name": "Marciele",
          "score": -2.54
        }
      ]
    }
  ],
  "score_matrix_ordered": [
    [
      0.0,
      1.475,
      1.04,
      1.475,
      0.725,
      1.6,
      3.31,
      -2.255,
      -0.395,
      -1.9412,
      -4.28,
      -0.757,
      -2.157,
      0.45
    ],
    [
      1.475,
      0.0,
      1.0037,
      2.3,
      1.785,
      1.6,
      -4.4075,
      -2.5125,
      -7.956,
      -1.935,
      -3.725,
      -4.0282,
      -2.082,
      0.22
    ],
    [
      1.04,
      1.0037,
      0.0,
      0.785,
      0.96,
      0.94,
      -1.215,
      -7.548,
      -2.535,
      -4.24,
      -7.463,
      -1.585,
      -0.305,
      0.395
    ],
    [
      1.475,
      2.3,
      0.785,
      0.0,
      0.91,
      1.25,
      -3.235,
      -1.86,
      0.705,
      -2.28,
      -3.29,
      -1.0975,
      -2.2075,
      -1.28
    ],
    [
      0.725,
      1.785,
      0.96,
      0.91,
      0.0,
      1.25,
      -2.585,
      -5.5762,
      -4.693,
      -6.76,
      -2.5725,
      1.088,
      1.468,
      -2.463
    ],
    [
      1.6,
      1.6,
      0.94,
      1.25,
      1.25,
      0.0,
      -4.245,
      -10.748,
      -4.42,
      -2.85,
      -4.355,
      -0.717,
      -0.667,
      -1.625
    ],
    [
      3.31,
      -4.4075,
      -1.215,
      -3.235,
      -2.585,
      -4.245,
      0.0,
      -0.26,
      0.8,
      -0.19,
      1.145,
      -2.0145,
      -2.502,
      -1.3725
    ],
    [
      -2.255,
      -2.5125,
      -7.548,
      -1.86,
      -5.5762,
      -10.748,
      -0.26,
      0.0,
      2.68,
      1.425,
      1.475,
      -5.252,
      -8.48,
      -4.41
    ],
    [
      -0.395,
      -7.956,
      -2.535,
      0.705,
      -4.693,
      -4.42,
      0.8,
      2.68,
      0.0,
      1.425,
      1.2,
      -3.5895,
      -7.455,
      -0.535
    ],
    [
      -1.9412,
      -1.935,
      -4.24,
      -2.28,
      -6.76,
      -2.85,
      -0.19,
      1.425,
      1.425,
      0.0,
      1.75,
      -2.4675,
      -1.495,
      -3.16
    ],
    [
      -4.28,
      -3.725,
      -7.463,
      -3.29,
      -2.5725,
      -4.355,
      1.145,
      1.475,
      1.2,
      1.75,
      0.0,
      -2.9475,
      -4.38,
      -7.0055
    ],
    [
      -0.757,
      -4.0282,
      -1.585,
      -1.0975,
      1.088,
      -0.717,
      -2.0145,
      -5.252,
      -3.5895,
      -2.4675,
      -2.9475,
      0.0,
      2.2,
      1.3
    ],
    [
      -2.157,
      -2.082,
      -0.305,
      -2.2075,
      1.468,
      -0.667,
      -2.502,
      -8.48,
      -7.455,
      -1.495,
      -4.38,
      2.2,
      0.0,
      1.23
    ],
    [
      0.45,
      0.22,
      0.395,
      -1.28,
      -2.463,
      -1.625,
      -1.3725,
      -4.41,
      -0.535,
      -3.16,
      -7.0055,
      1.3,
      1.23,
      0.0
    ]
  ],
  "vote_matrix_ordered": [
    [
      0.0,
      0.6667,
      0.7143,
      0.4286,
      0.7143,
      0.7143,
      0.0,
      0.0,
      0.0,
      0.0,
      0.0,
      0.5,
      0.5714,
      0.3333
    ],
    [
      0.6667,
      0.0,
      0.8333,
      0.6667,
      1.0,
      0.8333,
      0.0,
      0.0,
      0.0,
      0.0,
      0.0,
      0.6667,
      0.6667,
      0.6
    ],
    [
      0.7143,
      0.8333,
      0.0,
      0.7143,
      0.8571,
      0.8571,
      0.1429,
      0.0,
      0.3333,
      0.0,
      0.0,
      0.8333,
      0.8571,
      0.6667
    ],
    [
      0.4286,
      0.6667,
      0.7143,
      0.0,
      0.5714,
      0.5714,
      0.1429,
      0.0,
      0.3333,
      0.0,
      0.0,
      0.6667,
      0.5714,
      0.6667
    ],
    [
      0.7143,
      1.0,
      0.8571,
      0.5714,
      0.0,
      0.8571,
      0.0,
      0.0,
      0.0,
      0.0,
      0.0,
      0.6667,
      0.7143,
      0.5
    ],
    [
      0.7143,
      0.8333,
      0.8571,
      0.5714,
      0.8571,
      0.0,
      0.0,
      0.0,
      0.0,
      0.0,
      0.0,
      0.6667,
      0.7143,
      0.5
    ],
    [
      0.0,
      0.0,
      0.1429,
      0.1429,
      0.0,
      0.0,
      0.0,
      0.8,
      1.0,
      0.5714,
      0.5714,
      0.1667,
      0.1429,
      0.3333
    ],
    [
      0.0,
      0.0,
      0.0,
      0.0,
      0.0,
      0.0,
      0.8,
      0.0,
      1.0,
      0.8,
      0.8,
      0.0,
      0.0,
      0.25
    ],
    [
      0.0,
      0.0,
      0.3333,
      0.3333,
      0.0,
      0.0,
      1.0,
      1.0,
      0.0,
      0.6667,
      0.6667,
      0.3333,
      0.3333,
      1.0
    ],
    [
      0.0,
      0.0,
      0.0,
      0.0,
      0.0,
      0.0,
      0.5714,
      0.8,
      0.6667,
      0.0,
      0.7143,
      0.0,
      0.0,
      0.3333
    ],
    [
      0.0,
      0.0,
      0.0,
      0.0,
      0.0,
      0.0,
      0.5714,
      0.8,
      0.6667,
      0.7143,
      0.0,
      0.0,
      0.0,
      0.1667
    ],
    [
      0.5,
      0.6667,
      0.8333,
      0.6667,
      0.6667,
      0.6667,
      0.1667,
      0.0,
      0.3333,
      0.0,
      0.0,
      0.0,
      1.0,
      0.8
    ],
    [
      0.5714,
      0.6667,
      0.8571,
      0.5714,
      0.7143,
      0.7143,
      0.1429,
      0.0,
      0.3333,
      0.0,
      0.0,
      1.0,
      0.0,
      0.6667
    ],
    [
      0.3333,
      0.6,
      0.6667,
      0.6667,
      0.5,
      0.5,
      0.3333,
      0.25,
      1.0,
      0.3333,
      0.1667,
      0.8,
      0.6667,
      0.0
    ]
  ]
}