{
  "_metadata": {
    "generated_at": "2026-02-28T04:12:27.931296+00:00",
    "date": "2026-02-27",
    "week": 7,
    "reference_date": "2026-02-27",
    "n_active": 14,
    "n_clusters": 2,
    "n_paredoes": 6,
    "n_contradictions": 29,
    "n_tensions": 1,
    "silhouette_coefficient": 0.4222,
    "resolution_used": 0.5,
    "best_cohesion": {
      "label": 2,
      "name": "Aliança Grupo Misto",
      "score": 1.5542
    },
    "worst_rivalry": {
      "key": "1<>2",
      "score": -3.2316,
      "text": "Grupo Misto vs Aliança Grupo Misto"
    }
  },
  "active_names": [
    "Alberto Cowboy",
    "Ana Paula Renault",
    "Babu Santana",
    "Breno",
    "Chaiany",
    "Gabriela",
    "Jonas Sulzbach",
    "Jordana",
    "Juliano Floss",
    "Leandro",
    "Marciele",
    "Milena",
    "Samira",
    "Solange Couto"
  ],
  "cluster_order": [
    "Chaiany",
    "Breno",
    "Juliano Floss",
    "Solange Couto",
    "Leandro",
    "Babu Santana",
    "Samira",
    "Milena",
    "Ana Paula Renault",
    "Gabriela",
    "Alberto Cowboy",
    "Jonas Sulzbach",
    "Marciele",
    "Jordana"
  ],
  "communities": [
    {
      "label": 1,
      "name": "Grupo Misto",
      "color": "#e74c3c",
      "members": [
        "Ana Paula Renault",
        "Babu Santana",
        "Breno",
        "Chaiany",
        "Gabriela",
        "Juliano Floss",
        "Leandro",
        "Milena",
        "Samira",
        "Solange Couto"
      ],
      "group_composition": {
        "Pipoca": 6,
        "Veterano": 2,
        "Camarote": 2
      },
      "cohesion": 0.0147,
      "best_external": {
        "label": 2,
        "name": "Aliança Grupo Misto",
        "score": -3.2316
      },
      "worst_external": {
        "label": 2,
        "name": "Aliança Grupo Misto",
        "score": -3.2316
      }
    },
    {
      "label": 2,
      "name": "Aliança Grupo Misto",
      "color": "#3498db",
      "members": [
        "Alberto Cowboy",
        "Jonas Sulzbach",
        "Jordana",
        "Marciele"
      ],
      "group_composition": {
        "Veterano": 2,
        "Pipoca": 2
      },
      "cohesion": 1.5542,
      "best_external": {
        "label": 1,
        "name": "Grupo Misto",
        "score": -3.2316
      },
      "worst_external": {
        "label": 1,
        "name": "Grupo Misto",
        "score": -3.2316
      }
    }
  ],
  "inter_cluster": [
    {
      "cluster_a": 1,
      "cluster_b": 2,
      "name_a": "Grupo Misto",
      "name_b": "Aliança Grupo Misto",
      "score_sym": -3.2316,
      "score_a_to_b": -3.4765,
      "score_b_to_a": -2.9868,
      "vote_alignment": 0.1625
    }
  ],
  "polarization": [
    {
      "name": "Alberto Cowboy",
      "grupo": "Veterano",
      "cluster": 2,
      "avg_received": -3.6321,
      "std_received": 3.7898,
      "contradictions": 0,
      "pos_received": 4.95,
      "top_love": [
        {
          "name": "Jonas Sulzbach",
          "score": 2.35
        },
        {
          "name": "Jordana",
          "score": 1.3
        },
        {
          "name": "Marciele",
          "score": 1.3
        }
      ],
      "top_hate": [
        {
          "name": "Leandro",
          "score": -11.28
        },
        {
          "name": "Milena",
          "score": -7.76
        },
        {
          "name": "Ana Paula Renault",
          "score": -5.94
        }
      ]
    },
    {
      "name": "Ana Paula Renault",
      "grupo": "Veterano",
      "cluster": 1,
      "avg_received": -0.8272,
      "std_received": 1.8491,
      "contradictions": 0,
      "pos_received": 6.622,
      "top_love": [
        {
          "name": "Milena",
          "score": 2.2
        },
        {
          "name": "Samira",
          "score": 2.0
        },
        {
          "name": "Juliano Floss",
          "score": 1.36
        }
      ],
      "top_hate": [
        {
          "name": "Jonas Sulzbach",
          "score": -3.42
        },
        {
          "name": "Alberto Cowboy",
          "score": -3.12
        },
        {
          "name": "Marciele",
          "score": -2.57
        }
      ]
    },
    {
      "name": "Babu Santana",
      "grupo": "Veterano",
      "cluster": 1,
      "avg_received": -0.9149,
      "std_received": 2.4399,
      "contradictions": 0,
      "pos_received": 7.205,
      "top_love": [
        {
          "name": "Solange Couto",
          "score": 2.2
        },
        {
          "name": "Leandro",
          "score": 1.7
        },
        {
          "name": "Chaiany",
          "score": 1.5
        }
      ],
      "top_hate": [
        {
          "name": "Jonas Sulzbach",
          "score": -6.27
        },
        {
          "name": "Gabriela",
          "score": -4.98
        },
        {
          "name": "Jordana",
          "score": -2.56
        }
      ]
    },
    {
      "name": "Breno",
      "grupo": "Pipoca",
      "cluster": 1,
      "avg_received": -0.111,
      "std_received": 1.4429,
      "contradictions": 1,
      "pos_received": 8.2775,
      "top_love": [
        {
          "name": "Samira",
          "score": 1.5
        },
        {
          "name": "Babu Santana",
          "score": 1.28
        },
        {
          "name": "Gabriela",
          "score": 1.2
        }
      ],
      "top_hate": [
        {
          "name": "Alberto Cowboy",
          "score": -2.23
        },
        {
          "name": "Milena",
          "score": -1.86
        },
        {
          "name": "Ana Paula Renault",
          "score": -1.83
        }
      ]
    },
    {
      "name": "Chaiany",
      "grupo": "Pipoca",
      "cluster": 1,
      "avg_received": -0.0671,
      "std_received": 2.0993,
      "contradictions": 4,
      "pos_received": 11.61,
      "top_love": [
        {
          "name": "Gabriela",
          "score": 3.31
        },
        {
          "name": "Leandro",
          "score": 2.0
        },
        {
          "name": "Breno",
          "score": 1.5
        }
      ],
      "top_hate": [
        {
          "name": "Alberto Cowboy",
          "score": -4.13
        },
        {
          "name": "Milena",
          "score": -2.6
        },
        {
          "name": "Jordana",
          "score": -2.54
        }
      ]
    },
    {
      "name": "Gabriela",
      "grupo": "Pipoca",
      "cluster": 1,
      "avg_received": -0.9081,
      "std_received": 1.896,
      "contradictions": 8,
      "pos_received": 5.78,
      "top_love": [
        {
          "name": "Chaiany",
          "score": 3.16
        },
        {
          "name": "Jonas Sulzbach",
          "score": 1.3
        },
        {
          "name": "Breno",
          "score": 0.73
        }
      ],
      "top_hate": [
        {
          "name": "Babu Santana",
          "score": -3.83
        },
        {
          "name": "Leandro",
          "score": -3.1
        },
        {
          "name": "Solange Couto",
          "score": -2.57
        }
      ]
    },
    {
      "name": "Jonas Sulzbach",
      "grupo": "Veterano",
      "cluster": 2,
      "avg_received": -2.2125,
      "std_received": 3.2612,
      "contradictions": 0,
      "pos_received": 5.65,
      "top_love": [
        {
          "name": "Alberto Cowboy",
          "score": 2.05
        },
        {
          "name": "Gabriela",
          "score": 1.2
        },
        {
          "name": "Jordana",
          "score": 1.2
        }
      ],
      "top_hate": [
        {
          "name": "Babu Santana",
          "score": -8.78
        },
        {
          "name": "Milena",
          "score": -5.96
        },
        {
          "name": "Juliano Floss",
          "score": -5.37
        }
      ]
    },
    {
      "name": "Jordana",
      "grupo": "Pipoca",
      "cluster": 2,
      "avg_received": -2.7308,
      "std_received": 2.6295,
      "contradictions": 2,
      "pos_received": 4.2,
      "top_love": [
        {
          "name": "Alberto Cowboy",
          "score": 1.5
        },
        {
          "name": "Marciele",
          "score": 1.5
        },
        {
          "name": "Jonas Sulzbach",
          "score": 1.2
        }
      ],
      "top_hate": [
        {
          "name": "Milena",
          "score": -5.44
        },
        {
          "name": "Babu Santana",
          "score": -5.28
        },
        {
          "name": "Chaiany",
          "score": -5.21
        }
      ]
    },
    {
      "name": "Juliano Floss",
      "grupo": "Camarote",
      "cluster": 1,
      "avg_received": -1.2761,
      "std_received": 2.9678,
      "contradictions": 2,
      "pos_received": 7.46,
      "top_love": [
        {
          "name": "Babu Santana",
          "score": 1.4
        },
        {
          "name": "Leandro",
          "score": 1.3
        },
        {
          "name": "Breno",
          "score": 1.1
        }
      ],
      "top_hate": [
        {
          "name": "Marciele",
          "score": -7.76
        },
        {
          "name": "Alberto Cowboy",
          "score": -5.8
        },
        {
          "name": "Jonas Sulzbach",
          "score": -3.88
        }
      ]
    },
    {
      "name": "Leandro",
      "grupo": "Pipoca",
      "cluster": 1,
      "avg_received": -1.7996,
      "std_received": 3.2519,
      "contradictions": 0,
      "pos_received": 6.4,
      "top_love": [
        {
          "name": "Babu Santana",
          "score": 1.5
        },
        {
          "name": "Solange Couto",
          "score": 1.3
        },
        {
          "name": "Breno",
          "score": 1.2
        }
      ],
      "top_hate": [
        {
          "name": "Alberto Cowboy",
          "score": -10.22
        },
        {
          "name": "Jordana",
          "score": -4.44
        },
        {
          "name": "Gabriela",
          "score": -4.27
        }
      ]
    },
    {
      "name": "Marciele",
      "grupo": "Pipoca",
      "cluster": 2,
      "avg_received": -0.6869,
      "std_received": 1.5972,
      "contradictions": 1,
      "pos_received": 5.75,
      "top_love": [
        {
          "name": "Jordana",
          "score": 2.0
        },
        {
          "name": "Jonas Sulzbach",
          "score": 1.65
        },
        {
          "name": "Alberto Cowboy",
          "score": 1.4
        }
      ],
      "top_hate": [
        {
          "name": "Ana Paula Renault",
          "score": -3.26
        },
        {
          "name": "Juliano Floss",
          "score": -2.64
        },
        {
          "name": "Samira",
          "score": -2.16
        }
      ]
    },
    {
      "name": "Milena",
      "grupo": "Pipoca",
      "cluster": 1,
      "avg_received": -1.6002,
      "std_received": 3.3885,
      "contradictions": 1,
      "pos_received": 7.563,
      "top_love": [
        {
          "name": "Ana Paula Renault",
          "score": 2.2
        },
        {
          "name": "Juliano Floss",
          "score": 2.12
        },
        {
          "name": "Samira",
          "score": 1.92
        }
      ],
      "top_hate": [
        {
          "name": "Alberto Cowboy",
          "score": -9.2
        },
        {
          "name": "Jonas Sulzbach",
          "score": -7.74
        },
        {
          "name": "Jordana",
          "score": -3.14
        }
      ]
    },
    {
      "name": "Samira",
      "grupo": "Pipoca",
      "cluster": 1,
      "avg_received": -1.0835,
      "std_received": 1.8307,
      "contradictions": 2,
      "pos_received": 3.44,
      "top_love": [
        {
          "name": "Breno",
          "score": 1.7
        },
        {
          "name": "Ana Paula Renault",
          "score": 0.84
        },
        {
          "name": "Milena",
          "score": 0.54
        }
      ],
      "top_hate": [
        {
          "name": "Marciele",
          "score": -4.16
        },
        {
          "name": "Jordana",
          "score": -4.07
        },
        {
          "name": "Alberto Cowboy",
          "score": -3.38
        }
      ]
    },
    {
      "name": "Solange Couto",
      "grupo": "Camarote",
      "cluster": 1,
      "avg_received": -0.5008,
      "std_received": 1.9688,
      "contradictions": 5,
      "pos_received": 7.88,
      "top_love": [
        {
          "name": "Babu Santana",
          "score": 2.4
        },
        {
          "name": "Chaiany",
          "score": 1.3
        },
        {
          "name": "Leandro",
          "score": 1.2
        }
      ],
      "top_hate": [
        {
          "name": "Jordana",
          "score": -4.24
        },
        {
          "name": "Alberto Cowboy",
          "score": -3.15
        },
        {
          "name": "Marciele",
          "score": -2.6
        }
      ]
    }
  ],
  "score_matrix_ordered": [
    [
      0.0,
      1.25,
      1.1,
      1.4,
      1.6,
      1.4,
      0.45,
      -2.227,
      -1.6445,
      3.235,
      -2.1075,
      -0.575,
      -0.8962,
      -3.875
    ],
    [
      1.25,
      0.0,
      1.05,
      1.1,
      1.15,
      1.2138,
      1.6,
      -1.545,
      -1.705,
      0.965,
      -3.655,
      -1.08,
      -1.55,
      -2.5175
    ],
    [
      1.1,
      1.05,
      0.0,
      0.91,
      1.25,
      1.0275,
      -1.563,
      1.468,
      1.088,
      -2.4825,
      -5.5762,
      -4.623,
      -5.2,
      -2.5025
    ],
    [
      1.4,
      1.1,
      0.91,
      0.0,
      1.25,
      2.3,
      -1.1025,
      -0.67,
      -0.695,
      -2.305,
      -3.62,
      -0.175,
      -1.625,
      -4.1175
    ],
    [
      1.6,
      1.15,
      1.25,
      1.25,
      0.0,
      1.6,
      -1.595,
      0.0155,
      -0.207,
      -3.685,
      -10.748,
      -4.42,
      -1.85,
      -4.52
    ],
    [
      1.4,
      1.2138,
      1.0275,
      2.3,
      1.6,
      0.0,
      -0.675,
      -0.3995,
      -1.3533,
      -4.4075,
      -2.815,
      -7.521,
      -0.89,
      -3.92
    ],
    [
      0.45,
      1.6,
      -1.563,
      -1.1025,
      -1.595,
      -0.675,
      0.0,
      1.23,
      1.42,
      -0.255,
      -4.11,
      -1.475,
      -3.16,
      -3.91
    ],
    [
      -2.227,
      -1.545,
      1.468,
      -0.67,
      0.0155,
      -0.3995,
      1.23,
      0.0,
      2.2,
      -1.882,
      -8.48,
      -6.85,
      -1.67,
      -4.29
    ],
    [
      -1.6445,
      -1.705,
      1.088,
      -0.695,
      -0.207,
      -1.3533,
      1.42,
      2.2,
      0.0,
      -2.212,
      -4.532,
      -3.802,
      -2.915,
      -3.395
    ],
    [
      3.235,
      0.965,
      -2.4825,
      -2.305,
      -3.685,
      -4.4075,
      -0.255,
      -1.882,
      -2.212,
      0.0,
      -1.13,
      1.25,
      -0.19,
      -0.2275
    ],
    [
      -2.1075,
      -3.655,
      -5.5762,
      -3.62,
      -10.748,
      -2.815,
      -4.11,
      -8.48,
      -4.532,
      -1.13,
      0.0,
      2.2,
      1.35,
      1.4
    ],
    [
      -0.575,
      -1.08,
      -4.623,
      -0.175,
      -4.42,
      -7.521,
      -1.475,
      -6.85,
      -3.802,
      1.25,
      2.2,
      0.0,
      1.425,
      1.2
    ],
    [
      -0.8962,
      -1.55,
      -5.2,
      -1.625,
      -1.85,
      -0.89,
      -3.16,
      -1.67,
      -2.915,
      -0.19,
      1.35,
      1.425,
      0.0,
      1.75
    ],
    [
      -3.875,
      -2.5175,
      -2.5025,
      -4.1175,
      -4.52,
      -3.92,
      -3.91,
      -4.29,
      -3.395,
      -0.2275,
      1.4,
      1.2,
      1.75,
      0.0
    ]
  ],
  "vote_matrix_ordered": [
    [
      0.0,
      0.6667,
      0.6667,
      0.3333,
      0.6667,
      0.6,
      0.3333,
      0.6667,
      0.6,
      0.0,
      0.0,
      0.0,
      0.0,
      0.0
    ],
    [
      0.6667,
      0.0,
      0.8333,
      0.6667,
      0.8333,
      0.8,
      0.6667,
      1.0,
      1.0,
      0.1667,
      0.0,
      0.5,
      0.0,
      0.0
    ],
    [
      0.6667,
      0.8333,
      0.0,
      0.5,
      0.8333,
      1.0,
      0.5,
      0.8333,
      0.8,
      0.0,
      0.0,
      0.0,
      0.0,
      0.0
    ],
    [
      0.3333,
      0.6667,
      0.5,
      0.0,
      0.5,
      0.6,
      0.6667,
      0.6667,
      0.8,
      0.1667,
      0.0,
      0.5,
      0.0,
      0.0
    ],
    [
      0.6667,
      0.8333,
      0.8333,
      0.5,
      0.0,
      0.8,
      0.5,
      0.8333,
      0.8,
      0.0,
      0.0,
      0.0,
      0.0,
      0.0
    ],
    [
      0.6,
      0.8,
      1.0,
      0.6,
      0.8,
      0.0,
      0.6,
      0.8,
      0.8,
      0.0,
      0.0,
      0.0,
      0.0,
      0.0
    ],
    [
      0.3333,
      0.6667,
      0.5,
      0.6667,
      0.5,
      0.6,
      0.0,
      0.6667,
      0.8,
      0.3333,
      0.25,
      1.0,
      0.3333,
      0.1667
    ],
    [
      0.6667,
      1.0,
      0.8333,
      0.6667,
      0.8333,
      0.8,
      0.6667,
      0.0,
      1.0,
      0.1667,
      0.0,
      0.5,
      0.0,
      0.0
    ],
    [
      0.6,
      1.0,
      0.8,
      0.8,
      0.8,
      0.8,
      0.8,
      1.0,
      0.0,
      0.2,
      0.0,
      0.5,
      0.0,
      0.0
    ],
    [
      0.0,
      0.1667,
      0.0,
      0.1667,
      0.0,
      0.0,
      0.3333,
      0.1667,
      0.2,
      0.0,
      0.75,
      1.0,
      0.5,
      0.5
    ],
    [
      0.0,
      0.0,
      0.0,
      0.0,
      0.0,
      0.0,
      0.25,
      0.0,
      0.0,
      0.75,
      0.0,
      1.0,
      0.75,
      0.75
    ],
    [
      0.0,
      0.5,
      0.0,
      0.5,
      0.0,
      0.0,
      1.0,
      0.5,
      0.5,
      1.0,
      1.0,
      0.0,
      0.5,
      0.5
    ],
    [
      0.0,
      0.0,
      0.0,
      0.0,
      0.0,
      0.0,
      0.3333,
      0.0,
      0.0,
      0.5,
      0.75,
      0.5,
      0.0,
      0.6667
    ],
    [
      0.0,
      0.0,
      0.0,
      0.0,
      0.0,
      0.0,
      0.1667,
      0.0,
      0.0,
      0.5,
      0.75,
      0.5,
      0.6667,
      0.0
    ]
  ]
}