{
  "_metadata": {
    "generated_at": "2026-03-09T16:41:55.638521+00:00",
    "date": "2026-03-09",
    "week": 8,
    "reference_date": "2026-03-09",
    "n_active": 14,
    "n_clusters": 3,
    "n_paredoes": 7,
    "n_contradictions": 32,
    "n_tensions": 3,
    "silhouette_coefficient": 0.12,
    "resolution_used": 0.5,
    "best_cohesion": {
      "label": 3,
      "name": "Aliança Grupo Misto A",
      "score": 1.7967
    },
    "worst_rivalry": {
      "key": "2<>3",
      "score": -4.9794,
      "text": "Aliança Grupo Misto vs Aliança Grupo Misto A"
    }
  },
  "active_names": [
    "Alberto Cowboy",
    "Ana Paula Renault",
    "Babu Santana",
    "Breno",
    "Chaiany",
    "Gabriela",
    "Jonas Sulzbach",
    "Jordana",
    "Juliano Floss",
    "Leandro",
    "Marciele",
    "Milena",
    "Samira",
    "Solange Couto"
  ],
  "cluster_order": [
    "Chaiany",
    "Breno",
    "Solange Couto",
    "Babu Santana",
    "Leandro",
    "Juliano Floss",
    "Gabriela",
    "Alberto Cowboy",
    "Jonas Sulzbach",
    "Marciele",
    "Jordana",
    "Ana Paula Renault",
    "Milena",
    "Samira"
  ],
  "communities": [
    {
      "label": 1,
      "name": "Grupo Misto",
      "color": "#e74c3c",
      "members": [
        "Babu Santana",
        "Breno",
        "Chaiany",
        "Gabriela",
        "Juliano Floss",
        "Leandro",
        "Solange Couto"
      ],
      "group_composition": {
        "Pipoca": 4,
        "Camarote": 2,
        "Veterano": 1
      },
      "cohesion": 0.3015,
      "best_external": {
        "label": 3,
        "name": "Aliança Grupo Misto A",
        "score": -1.2526
      },
      "worst_external": {
        "label": 2,
        "name": "Aliança Grupo Misto",
        "score": -3.8845
      }
    },
    {
      "label": 2,
      "name": "Aliança Grupo Misto",
      "color": "#3498db",
      "members": [
        "Alberto Cowboy",
        "Jonas Sulzbach",
        "Jordana",
        "Marciele"
      ],
      "group_composition": {
        "Veterano": 2,
        "Pipoca": 2
      },
      "cohesion": 1.6592,
      "best_external": {
        "label": 1,
        "name": "Grupo Misto",
        "score": -3.8845
      },
      "worst_external": {
        "label": 3,
        "name": "Aliança Grupo Misto A",
        "score": -4.9794
      }
    },
    {
      "label": 3,
      "name": "Aliança Grupo Misto A",
      "color": "#2ecc71",
      "members": [
        "Ana Paula Renault",
        "Milena",
        "Samira"
      ],
      "group_composition": {
        "Pipoca": 2,
        "Veterano": 1
      },
      "cohesion": 1.7967,
      "best_external": {
        "label": 1,
        "name": "Grupo Misto",
        "score": -1.2526
      },
      "worst_external": {
        "label": 2,
        "name": "Aliança Grupo Misto",
        "score": -4.9794
      }
    }
  ],
  "inter_cluster": [
    {
      "cluster_a": 1,
      "cluster_b": 2,
      "name_a": "Grupo Misto",
      "name_b": "Aliança Grupo Misto",
      "score_sym": -3.8845,
      "score_a_to_b": -4.2745,
      "score_b_to_a": -3.4946,
      "vote_alignment": 0.1289
    },
    {
      "cluster_a": 1,
      "cluster_b": 3,
      "name_a": "Grupo Misto",
      "name_b": "Aliança Grupo Misto A",
      "score_sym": -1.2526,
      "score_a_to_b": -0.9917,
      "score_b_to_a": -1.5135,
      "vote_alignment": 0.5717
    },
    {
      "cluster_a": 2,
      "cluster_b": 3,
      "name_a": "Aliança Grupo Misto",
      "name_b": "Aliança Grupo Misto A",
      "score_sym": -4.9794,
      "score_a_to_b": -4.4306,
      "score_b_to_a": -5.5282,
      "vote_alignment": 0.2014
    }
  ],
  "polarization": [
    {
      "name": "Alberto Cowboy",
      "grupo": "Veterano",
      "cluster": 2,
      "avg_received": -3.8568,
      "std_received": 4.2473,
      "contradictions": 2,
      "pos_received": 4.95,
      "top_love": [
        {
          "name": "Jonas Sulzbach",
          "score": 2.35
        },
        {
          "name": "Jordana",
          "score": 1.3
        },
        {
          "name": "Marciele",
          "score": 1.3
        }
      ],
      "top_hate": [
        {
          "name": "Leandro",
          "score": -11.28
        },
        {
          "name": "Milena",
          "score": -9.77
        },
        {
          "name": "Breno",
          "score": -8.76
        }
      ]
    },
    {
      "name": "Ana Paula Renault",
      "grupo": "Veterano",
      "cluster": 3,
      "avg_received": -1.0456,
      "std_received": 2.084,
      "contradictions": 0,
      "pos_received": 6.576,
      "top_love": [
        {
          "name": "Milena",
          "score": 3.31
        },
        {
          "name": "Samira",
          "score": 1.91
        },
        {
          "name": "Juliano Floss",
          "score": 1.36
        }
      ],
      "top_hate": [
        {
          "name": "Alberto Cowboy",
          "score": -4.56
        },
        {
          "name": "Jonas Sulzbach",
          "score": -3.15
        },
        {
          "name": "Babu Santana",
          "score": -2.85
        }
      ]
    },
    {
      "name": "Babu Santana",
      "grupo": "Veterano",
      "cluster": 1,
      "avg_received": -1.6733,
      "std_received": 3.8637,
      "contradictions": 0,
      "pos_received": 9.69,
      "top_love": [
        {
          "name": "Juliano Floss",
          "score": 2.2
        },
        {
          "name": "Solange Couto",
          "score": 2.2
        },
        {
          "name": "Leandro",
          "score": 1.7
        }
      ],
      "top_hate": [
        {
          "name": "Jonas Sulzbach",
          "score": -10.11
        },
        {
          "name": "Milena",
          "score": -7.46
        },
        {
          "name": "Gabriela",
          "score": -4.98
        }
      ]
    },
    {
      "name": "Breno",
      "grupo": "Pipoca",
      "cluster": 1,
      "avg_received": -1.6199,
      "std_received": 2.9535,
      "contradictions": 2,
      "pos_received": 5.8175,
      "top_love": [
        {
          "name": "Babu Santana",
          "score": 1.28
        },
        {
          "name": "Leandro",
          "score": 1.1
        },
        {
          "name": "Solange Couto",
          "score": 1.02
        }
      ],
      "top_hate": [
        {
          "name": "Jordana",
          "score": -7.57
        },
        {
          "name": "Alberto Cowboy",
          "score": -6.58
        },
        {
          "name": "Marciele",
          "score": -4.6
        }
      ]
    },
    {
      "name": "Chaiany",
      "grupo": "Pipoca",
      "cluster": 1,
      "avg_received": -0.3602,
      "std_received": 2.5439,
      "contradictions": 4,
      "pos_received": 10.74,
      "top_love": [
        {
          "name": "Gabriela",
          "score": 3.31
        },
        {
          "name": "Leandro",
          "score": 2.0
        },
        {
          "name": "Breno",
          "score": 1.5
        }
      ],
      "top_hate": [
        {
          "name": "Jordana",
          "score": -6.01
        },
        {
          "name": "Alberto Cowboy",
          "score": -4.51
        },
        {
          "name": "Milena",
          "score": -2.17
        }
      ]
    },
    {
      "name": "Gabriela",
      "grupo": "Pipoca",
      "cluster": 1,
      "avg_received": -1.2,
      "std_received": 2.1117,
      "contradictions": 5,
      "pos_received": 6.09,
      "top_love": [
        {
          "name": "Chaiany",
          "score": 3.31
        },
        {
          "name": "Jordana",
          "score": 1.1
        },
        {
          "name": "Alberto Cowboy",
          "score": 0.95
        }
      ],
      "top_hate": [
        {
          "name": "Leandro",
          "score": -3.9
        },
        {
          "name": "Babu Santana",
          "score": -3.85
        },
        {
          "name": "Solange Couto",
          "score": -3.79
        }
      ]
    },
    {
      "name": "Jonas Sulzbach",
      "grupo": "Veterano",
      "cluster": 2,
      "avg_received": -2.6011,
      "std_received": 4.0438,
      "contradictions": 0,
      "pos_received": 5.91,
      "top_love": [
        {
          "name": "Alberto Cowboy",
          "score": 3.01
        },
        {
          "name": "Jordana",
          "score": 1.2
        },
        {
          "name": "Marciele",
          "score": 1.2
        }
      ],
      "top_hate": [
        {
          "name": "Babu Santana",
          "score": -10.79
        },
        {
          "name": "Milena",
          "score": -9.41
        },
        {
          "name": "Juliano Floss",
          "score": -5.75
        }
      ]
    },
    {
      "name": "Jordana",
      "grupo": "Pipoca",
      "cluster": 2,
      "avg_received": -4.2721,
      "std_received": 4.2429,
      "contradictions": 6,
      "pos_received": 5.6,
      "top_love": [
        {
          "name": "Alberto Cowboy",
          "score": 1.65
        },
        {
          "name": "Marciele",
          "score": 1.5
        },
        {
          "name": "Gabriela",
          "score": 1.25
        }
      ],
      "top_hate": [
        {
          "name": "Chaiany",
          "score": -10.41
        },
        {
          "name": "Breno",
          "score": -9.44
        },
        {
          "name": "Samira",
          "score": -7.92
        }
      ]
    },
    {
      "name": "Juliano Floss",
      "grupo": "Camarote",
      "cluster": 1,
      "avg_received": -1.6315,
      "std_received": 3.3218,
      "contradictions": 0,
      "pos_received": 7.445,
      "top_love": [
        {
          "name": "Breno",
          "score": 1.34
        },
        {
          "name": "Leandro",
          "score": 1.3
        },
        {
          "name": "Chaiany",
          "score": 1.1
        }
      ],
      "top_hate": [
        {
          "name": "Marciele",
          "score": -8.08
        },
        {
          "name": "Gabriela",
          "score": -6.89
        },
        {
          "name": "Alberto Cowboy",
          "score": -5.8
        }
      ]
    },
    {
      "name": "Leandro",
      "grupo": "Pipoca",
      "cluster": 1,
      "avg_received": -1.7985,
      "std_received": 3.2728,
      "contradictions": 0,
      "pos_received": 6.4,
      "top_love": [
        {
          "name": "Babu Santana",
          "score": 1.5
        },
        {
          "name": "Solange Couto",
          "score": 1.3
        },
        {
          "name": "Breno",
          "score": 1.2
        }
      ],
      "top_hate": [
        {
          "name": "Alberto Cowboy",
          "score": -10.22
        },
        {
          "name": "Gabriela",
          "score": -4.59
        },
        {
          "name": "Jordana",
          "score": -4.35
        }
      ]
    },
    {
      "name": "Marciele",
      "grupo": "Pipoca",
      "cluster": 2,
      "avg_received": -2.0481,
      "std_received": 2.7621,
      "contradictions": 2,
      "pos_received": 5.9,
      "top_love": [
        {
          "name": "Jordana",
          "score": 2.0
        },
        {
          "name": "Jonas Sulzbach",
          "score": 1.65
        },
        {
          "name": "Alberto Cowboy",
          "score": 1.55
        }
      ],
      "top_hate": [
        {
          "name": "Juliano Floss",
          "score": -7.44
        },
        {
          "name": "Ana Paula Renault",
          "score": -4.68
        },
        {
          "name": "Samira",
          "score": -4.16
        }
      ]
    },
    {
      "name": "Milena",
      "grupo": "Pipoca",
      "cluster": 3,
      "avg_received": -2.4161,
      "std_received": 4.3601,
      "contradictions": 0,
      "pos_received": 6.856,
      "top_love": [
        {
          "name": "Ana Paula Renault",
          "score": 2.2
        },
        {
          "name": "Juliano Floss",
          "score": 2.12
        },
        {
          "name": "Samira",
          "score": 1.92
        }
      ],
      "top_hate": [
        {
          "name": "Alberto Cowboy",
          "score": -12.56
        },
        {
          "name": "Jonas Sulzbach",
          "score": -10.7
        },
        {
          "name": "Jordana",
          "score": -3.14
        }
      ]
    },
    {
      "name": "Samira",
      "grupo": "Pipoca",
      "cluster": 3,
      "avg_received": -1.4008,
      "std_received": 2.125,
      "contradictions": 1,
      "pos_received": 2.605,
      "top_love": [
        {
          "name": "Ana Paula Renault",
          "score": 0.75
        },
        {
          "name": "Milena",
          "score": 0.69
        },
        {
          "name": "Breno",
          "score": 0.62
        }
      ],
      "top_hate": [
        {
          "name": "Jordana",
          "score": -6.08
        },
        {
          "name": "Marciele",
          "score": -4.16
        },
        {
          "name": "Alberto Cowboy",
          "score": -3.53
        }
      ]
    },
    {
      "name": "Solange Couto",
      "grupo": "Camarote",
      "cluster": 1,
      "avg_received": -0.7142,
      "std_received": 2.2213,
      "contradictions": 10,
      "pos_received": 7.74,
      "top_love": [
        {
          "name": "Babu Santana",
          "score": 2.4
        },
        {
          "name": "Chaiany",
          "score": 1.45
        },
        {
          "name": "Leandro",
          "score": 1.2
        }
      ],
      "top_hate": [
        {
          "name": "Jordana",
          "score": -5.23
        },
        {
          "name": "Marciele",
          "score": -4.55
        },
        {
          "name": "Gabriela",
          "score": -2.04
        }
      ]
    }
  ],
  "score_matrix_ordered": [
    [
      0.0,
      1.25,
      1.475,
      1.475,
      1.6,
      0.665,
      3.31,
      -2.495,
      -0.83,
      -1.9412,
      -8.208,
      -1.0495,
      -2.0595,
      0.45
    ],
    [
      1.25,
      0.0,
      1.01,
      1.2138,
      1.15,
      1.17,
      -1.005,
      -7.6705,
      -2.64,
      -4.36,
      -8.5005,
      -1.795,
      -0.515,
      0.52
    ],
    [
      1.475,
      1.01,
      0.0,
      2.3,
      1.25,
      0.925,
      -2.9125,
      -1.83,
      0.72,
      -2.9575,
      -5.02,
      -1.1125,
      -2.1425,
      -1.565
    ],
    [
      1.475,
      1.2138,
      2.3,
      0.0,
      1.6,
      1.5075,
      -4.415,
      -2.59,
      -10.449,
      -1.935,
      -4.7475,
      -3.8683,
      -4.8,
      0.6675
    ],
    [
      1.6,
      1.15,
      1.25,
      1.6,
      0.0,
      1.25,
      -4.245,
      -10.748,
      -4.42,
      -2.85,
      -5.475,
      -0.7895,
      -0.6745,
      -1.625
    ],
    [
      0.665,
      1.17,
      0.925,
      1.5075,
      1.25,
      0.0,
      -4.2425,
      -5.5762,
      -4.813,
      -7.76,
      -2.6025,
      1.088,
      1.543,
      -2.433
    ],
    [
      3.31,
      -1.005,
      -2.9125,
      -4.415,
      -4.245,
      -4.2425,
      0.0,
      -0.245,
      0.1925,
      -0.19,
      1.175,
      -2.0295,
      -2.502,
      -1.6125
    ],
    [
      -2.495,
      -7.6705,
      -1.83,
      -2.59,
      -10.748,
      -5.5762,
      -0.245,
      0.0,
      2.68,
      1.425,
      1.475,
      -5.252,
      -11.168,
      -4.425
    ],
    [
      -0.83,
      -2.64,
      0.72,
      -10.449,
      -4.42,
      -4.813,
      0.1925,
      2.68,
      0.0,
      1.425,
      1.2,
      -3.667,
      -10.0555,
      -0.7975
    ],
    [
      -1.9412,
      -4.36,
      -2.9575,
      -1.935,
      -2.85,
      -7.76,
      -0.19,
      1.425,
      1.425,
      0.0,
      1.75,
      -3.4825,
      -1.5025,
      -4.16
    ],
    [
      -8.208,
      -8.5005,
      -5.02,
      -4.7475,
      -5.475,
      -2.6025,
      1.175,
      1.475,
      1.2,
      1.75,
      0.0,
      -2.8675,
      -5.38,
      -6.9955
    ],
    [
      -1.0495,
      -1.795,
      -1.1125,
      -3.8683,
      -0.7895,
      1.088,
      -2.0295,
      -5.252,
      -3.667,
      -3.4825,
      -2.8675,
      0.0,
      2.755,
      1.33
    ],
    [
      -2.0595,
      -0.515,
      -2.1425,
      -4.8,
      -0.6745,
      1.543,
      -2.502,
      -11.168,
      -10.0555,
      -1.5025,
      -5.38,
      2.755,
      0.0,
      1.305
    ],
    [
      0.45,
      0.52,
      -1.565,
      0.6675,
      -1.625,
      -2.433,
      -1.6125,
      -4.425,
      -0.7975,
      -4.16,
      -6.9955,
      1.33,
      1.305,
      0.0
    ]
  ],
  "vote_matrix_ordered": [
    [
      0.0,
      0.7143,
      0.4286,
      0.6667,
      0.7143,
      0.7143,
      0.0,
      0.0,
      0.0,
      0.0,
      0.0,
      0.5,
      0.5714,
      0.3333
    ],
    [
      0.7143,
      0.0,
      0.7143,
      0.8333,
      0.8571,
      0.8571,
      0.1429,
      0.0,
      0.3333,
      0.0,
      0.0,
      0.8333,
      0.8571,
      0.6667
    ],
    [
      0.4286,
      0.7143,
      0.0,
      0.6667,
      0.5714,
      0.5714,
      0.1429,
      0.0,
      0.3333,
      0.0,
      0.0,
      0.6667,
      0.5714,
      0.6667
    ],
    [
      0.6667,
      0.8333,
      0.6667,
      0.0,
      0.8333,
      1.0,
      0.0,
      0.0,
      0.0,
      0.0,
      0.0,
      0.6667,
      0.6667,
      0.6
    ],
    [
      0.7143,
      0.8571,
      0.5714,
      0.8333,
      0.0,
      0.8571,
      0.0,
      0.0,
      0.0,
      0.0,
      0.0,
      0.6667,
      0.7143,
      0.5
    ],
    [
      0.7143,
      0.8571,
      0.5714,
      1.0,
      0.8571,
      0.0,
      0.0,
      0.0,
      0.0,
      0.0,
      0.0,
      0.6667,
      0.7143,
      0.5
    ],
    [
      0.0,
      0.1429,
      0.1429,
      0.0,
      0.0,
      0.0,
      0.0,
      0.8,
      1.0,
      0.5714,
      0.5714,
      0.1667,
      0.1429,
      0.3333
    ],
    [
      0.0,
      0.0,
      0.0,
      0.0,
      0.0,
      0.0,
      0.8,
      0.0,
      1.0,
      0.8,
      0.8,
      0.0,
      0.0,
      0.25
    ],
    [
      0.0,
      0.3333,
      0.3333,
      0.0,
      0.0,
      0.0,
      1.0,
      1.0,
      0.0,
      0.6667,
      0.6667,
      0.3333,
      0.3333,
      1.0
    ],
    [
      0.0,
      0.0,
      0.0,
      0.0,
      0.0,
      0.0,
      0.5714,
      0.8,
      0.6667,
      0.0,
      0.7143,
      0.0,
      0.0,
      0.3333
    ],
    [
      0.0,
      0.0,
      0.0,
      0.0,
      0.0,
      0.0,
      0.5714,
      0.8,
      0.6667,
      0.7143,
      0.0,
      0.0,
      0.0,
      0.1667
    ],
    [
      0.5,
      0.8333,
      0.6667,
      0.6667,
      0.6667,
      0.6667,
      0.1667,
      0.0,
      0.3333,
      0.0,
      0.0,
      0.0,
      1.0,
      0.8
    ],
    [
      0.5714,
      0.8571,
      0.5714,
      0.6667,
      0.7143,
      0.7143,
      0.1429,
      0.0,
      0.3333,
      0.0,
      0.0,
      1.0,
      0.0,
      0.6667
    ],
    [
      0.3333,
      0.6667,
      0.6667,
      0.6,
      0.5,
      0.5,
      0.3333,
      0.25,
      1.0,
      0.3333,
      0.1667,
      0.8,
      0.6667,
      0.0
    ]
  ]
}