{
  "_metadata": {
    "generated_at": "2026-03-10T05:26:14.249209+00:00",
    "date": "2026-03-09",
    "week": 8,
    "reference_date": "2026-03-09",
    "n_active": 14,
    "n_clusters": 3,
    "n_paredoes": 7,
    "n_contradictions": 32,
    "n_tensions": 3,
    "silhouette_coefficient": 0.1386,
    "resolution_used": 0.5,
    "best_cohesion": {
      "label": 3,
      "name": "Aliança Grupo Misto A",
      "score": 1.7967
    },
    "worst_rivalry": {
      "key": "2<>3",
      "score": -5.3509,
      "text": "Aliança Grupo Misto vs Aliança Grupo Misto A"
    }
  },
  "active_names": [
    "Alberto Cowboy",
    "Ana Paula Renault",
    "Babu Santana",
    "Breno",
    "Chaiany",
    "Gabriela",
    "Jonas Sulzbach",
    "Jordana",
    "Juliano Floss",
    "Leandro",
    "Marciele",
    "Milena",
    "Samira",
    "Solange Couto"
  ],
  "cluster_order": [
    "Chaiany",
    "Breno",
    "Solange Couto",
    "Leandro",
    "Babu Santana",
    "Juliano Floss",
    "Gabriela",
    "Alberto Cowboy",
    "Jonas Sulzbach",
    "Marciele",
    "Jordana",
    "Ana Paula Renault",
    "Milena",
    "Samira"
  ],
  "communities": [
    {
      "label": 1,
      "name": "Grupo Misto",
      "color": "#e74c3c",
      "members": [
        "Babu Santana",
        "Breno",
        "Chaiany",
        "Gabriela",
        "Juliano Floss",
        "Leandro",
        "Solange Couto"
      ],
      "group_composition": {
        "Pipoca": 4,
        "Camarote": 2,
        "Veterano": 1
      },
      "cohesion": 0.214,
      "best_external": {
        "label": 3,
        "name": "Aliança Grupo Misto A",
        "score": -1.5315
      },
      "worst_external": {
        "label": 2,
        "name": "Aliança Grupo Misto",
        "score": -4.2968
      }
    },
    {
      "label": 2,
      "name": "Aliança Grupo Misto",
      "color": "#3498db",
      "members": [
        "Alberto Cowboy",
        "Jonas Sulzbach",
        "Jordana",
        "Marciele"
      ],
      "group_composition": {
        "Veterano": 2,
        "Pipoca": 2
      },
      "cohesion": 1.6592,
      "best_external": {
        "label": 1,
        "name": "Grupo Misto",
        "score": -4.2968
      },
      "worst_external": {
        "label": 3,
        "name": "Aliança Grupo Misto A",
        "score": -5.3509
      }
    },
    {
      "label": 3,
      "name": "Aliança Grupo Misto A",
      "color": "#2ecc71",
      "members": [
        "Ana Paula Renault",
        "Milena",
        "Samira"
      ],
      "group_composition": {
        "Pipoca": 2,
        "Veterano": 1
      },
      "cohesion": 1.7967,
      "best_external": {
        "label": 1,
        "name": "Grupo Misto",
        "score": -1.5315
      },
      "worst_external": {
        "label": 2,
        "name": "Aliança Grupo Misto",
        "score": -5.3509
      }
    }
  ],
  "inter_cluster": [
    {
      "cluster_a": 1,
      "cluster_b": 2,
      "name_a": "Grupo Misto",
      "name_b": "Aliança Grupo Misto",
      "score_sym": -4.2968,
      "score_a_to_b": -4.7373,
      "score_b_to_a": -3.8562,
      "vote_alignment": 0.1289
    },
    {
      "cluster_a": 1,
      "cluster_b": 3,
      "name_a": "Grupo Misto",
      "name_b": "Aliança Grupo Misto A",
      "score_sym": -1.5315,
      "score_a_to_b": -1.2662,
      "score_b_to_a": -1.7968,
      "vote_alignment": 0.5717
    },
    {
      "cluster_a": 2,
      "cluster_b": 3,
      "name_a": "Aliança Grupo Misto",
      "name_b": "Aliança Grupo Misto A",
      "score_sym": -5.3509,
      "score_a_to_b": -4.8006,
      "score_b_to_a": -5.9012,
      "vote_alignment": 0.2014
    }
  ],
  "polarization": [
    {
      "name": "Alberto Cowboy",
      "grupo": "Veterano",
      "cluster": 2,
      "avg_received": -4.2998,
      "std_received": 4.579,
      "contradictions": 2,
      "pos_received": 4.95,
      "top_love": [
        {
          "name": "Jonas Sulzbach",
          "score": 2.35
        },
        {
          "name": "Jordana",
          "score": 1.3
        },
        {
          "name": "Marciele",
          "score": 1.3
        }
      ],
      "top_hate": [
        {
          "name": "Leandro",
          "score": -12.08
        },
        {
          "name": "Milena",
          "score": -10.57
        },
        {
          "name": "Breno",
          "score": -9.88
        }
      ]
    },
    {
      "name": "Ana Paula Renault",
      "grupo": "Veterano",
      "cluster": 3,
      "avg_received": -1.241,
      "std_received": 2.2764,
      "contradictions": 0,
      "pos_received": 6.576,
      "top_love": [
        {
          "name": "Milena",
          "score": 3.31
        },
        {
          "name": "Samira",
          "score": 1.91
        },
        {
          "name": "Juliano Floss",
          "score": 1.36
        }
      ],
      "top_hate": [
        {
          "name": "Alberto Cowboy",
          "score": -5.68
        },
        {
          "name": "Babu Santana",
          "score": -3.17
        },
        {
          "name": "Jonas Sulzbach",
          "score": -3.15
        }
      ]
    },
    {
      "name": "Babu Santana",
      "grupo": "Veterano",
      "cluster": 1,
      "avg_received": -2.013,
      "std_received": 4.0445,
      "contradictions": 0,
      "pos_received": 8.9,
      "top_love": [
        {
          "name": "Juliano Floss",
          "score": 2.2
        },
        {
          "name": "Solange Couto",
          "score": 2.2
        },
        {
          "name": "Leandro",
          "score": 1.7
        }
      ],
      "top_hate": [
        {
          "name": "Jonas Sulzbach",
          "score": -10.34
        },
        {
          "name": "Milena",
          "score": -7.46
        },
        {
          "name": "Gabriela",
          "score": -6.1
        }
      ]
    },
    {
      "name": "Breno",
      "grupo": "Pipoca",
      "cluster": 1,
      "avg_received": -1.751,
      "std_received": 3.1718,
      "contradictions": 2,
      "pos_received": 5.8175,
      "top_love": [
        {
          "name": "Babu Santana",
          "score": 1.28
        },
        {
          "name": "Leandro",
          "score": 1.1
        },
        {
          "name": "Solange Couto",
          "score": 1.02
        }
      ],
      "top_hate": [
        {
          "name": "Jordana",
          "score": -7.85
        },
        {
          "name": "Alberto Cowboy",
          "score": -7.68
        },
        {
          "name": "Marciele",
          "score": -4.92
        }
      ]
    },
    {
      "name": "Chaiany",
      "grupo": "Pipoca",
      "cluster": 1,
      "avg_received": -0.5571,
      "std_received": 2.7998,
      "contradictions": 4,
      "pos_received": 10.74,
      "top_love": [
        {
          "name": "Gabriela",
          "score": 3.31
        },
        {
          "name": "Leandro",
          "score": 2.0
        },
        {
          "name": "Breno",
          "score": 1.5
        }
      ],
      "top_hate": [
        {
          "name": "Jordana",
          "score": -7.13
        },
        {
          "name": "Alberto Cowboy",
          "score": -4.83
        },
        {
          "name": "Milena",
          "score": -2.17
        }
      ]
    },
    {
      "name": "Gabriela",
      "grupo": "Pipoca",
      "cluster": 1,
      "avg_received": -1.3054,
      "std_received": 2.3042,
      "contradictions": 5,
      "pos_received": 6.66,
      "top_love": [
        {
          "name": "Chaiany",
          "score": 3.31
        },
        {
          "name": "Jonas Sulzbach",
          "score": 1.3
        },
        {
          "name": "Jordana",
          "score": 1.1
        }
      ],
      "top_hate": [
        {
          "name": "Babu Santana",
          "score": -4.97
        },
        {
          "name": "Leandro",
          "score": -3.9
        },
        {
          "name": "Solange Couto",
          "score": -3.79
        }
      ]
    },
    {
      "name": "Jonas Sulzbach",
      "grupo": "Veterano",
      "cluster": 2,
      "avg_received": -2.9826,
      "std_received": 4.2668,
      "contradictions": 0,
      "pos_received": 5.91,
      "top_love": [
        {
          "name": "Alberto Cowboy",
          "score": 3.01
        },
        {
          "name": "Jordana",
          "score": 1.2
        },
        {
          "name": "Marciele",
          "score": 1.2
        }
      ],
      "top_hate": [
        {
          "name": "Babu Santana",
          "score": -10.79
        },
        {
          "name": "Milena",
          "score": -10.53
        },
        {
          "name": "Juliano Floss",
          "score": -6.87
        }
      ]
    },
    {
      "name": "Jordana",
      "grupo": "Pipoca",
      "cluster": 2,
      "avg_received": -4.5302,
      "std_received": 4.5171,
      "contradictions": 6,
      "pos_received": 5.6,
      "top_love": [
        {
          "name": "Alberto Cowboy",
          "score": 1.65
        },
        {
          "name": "Marciele",
          "score": 1.5
        },
        {
          "name": "Gabriela",
          "score": 1.25
        }
      ],
      "top_hate": [
        {
          "name": "Chaiany",
          "score": -11.53
        },
        {
          "name": "Breno",
          "score": -10.24
        },
        {
          "name": "Babu Santana",
          "score": -8.31
        }
      ]
    },
    {
      "name": "Juliano Floss",
      "grupo": "Camarote",
      "cluster": 1,
      "avg_received": -1.9753,
      "std_received": 3.7427,
      "contradictions": 0,
      "pos_received": 7.13,
      "top_love": [
        {
          "name": "Breno",
          "score": 1.34
        },
        {
          "name": "Leandro",
          "score": 1.3
        },
        {
          "name": "Chaiany",
          "score": 1.1
        }
      ],
      "top_hate": [
        {
          "name": "Marciele",
          "score": -9.2
        },
        {
          "name": "Gabriela",
          "score": -7.7
        },
        {
          "name": "Alberto Cowboy",
          "score": -6.92
        }
      ]
    },
    {
      "name": "Leandro",
      "grupo": "Pipoca",
      "cluster": 1,
      "avg_received": -1.8808,
      "std_received": 3.3555,
      "contradictions": 0,
      "pos_received": 6.4,
      "top_love": [
        {
          "name": "Babu Santana",
          "score": 1.5
        },
        {
          "name": "Solange Couto",
          "score": 1.3
        },
        {
          "name": "Breno",
          "score": 1.2
        }
      ],
      "top_hate": [
        {
          "name": "Alberto Cowboy",
          "score": -10.54
        },
        {
          "name": "Gabriela",
          "score": -4.59
        },
        {
          "name": "Jordana",
          "score": -4.35
        }
      ]
    },
    {
      "name": "Marciele",
      "grupo": "Pipoca",
      "cluster": 2,
      "avg_received": -2.3065,
      "std_received": 3.0415,
      "contradictions": 2,
      "pos_received": 5.9,
      "top_love": [
        {
          "name": "Jordana",
          "score": 2.0
        },
        {
          "name": "Jonas Sulzbach",
          "score": 1.65
        },
        {
          "name": "Alberto Cowboy",
          "score": 1.55
        }
      ],
      "top_hate": [
        {
          "name": "Juliano Floss",
          "score": -8.56
        },
        {
          "name": "Breno",
          "score": -4.92
        },
        {
          "name": "Ana Paula Renault",
          "score": -4.68
        }
      ]
    },
    {
      "name": "Milena",
      "grupo": "Pipoca",
      "cluster": 3,
      "avg_received": -2.673,
      "std_received": 4.6085,
      "contradictions": 0,
      "pos_received": 6.856,
      "top_love": [
        {
          "name": "Ana Paula Renault",
          "score": 2.2
        },
        {
          "name": "Juliano Floss",
          "score": 2.12
        },
        {
          "name": "Samira",
          "score": 1.92
        }
      ],
      "top_hate": [
        {
          "name": "Alberto Cowboy",
          "score": -12.88
        },
        {
          "name": "Jonas Sulzbach",
          "score": -11.8
        },
        {
          "name": "Solange Couto",
          "score": -4.15
        }
      ]
    },
    {
      "name": "Samira",
      "grupo": "Pipoca",
      "cluster": 3,
      "avg_received": -1.7335,
      "std_received": 2.1438,
      "contradictions": 1,
      "pos_received": 2.06,
      "top_love": [
        {
          "name": "Ana Paula Renault",
          "score": 0.75
        },
        {
          "name": "Milena",
          "score": 0.69
        },
        {
          "name": "Breno",
          "score": 0.62
        }
      ],
      "top_hate": [
        {
          "name": "Jordana",
          "score": -6.08
        },
        {
          "name": "Marciele",
          "score": -4.96
        },
        {
          "name": "Alberto Cowboy",
          "score": -3.53
        }
      ]
    },
    {
      "name": "Solange Couto",
      "grupo": "Camarote",
      "cluster": 1,
      "avg_received": -1.0342,
      "std_received": 2.4533,
      "contradictions": 10,
      "pos_received": 7.74,
      "top_love": [
        {
          "name": "Babu Santana",
          "score": 2.4
        },
        {
          "name": "Chaiany",
          "score": 1.45
        },
        {
          "name": "Leandro",
          "score": 1.2
        }
      ],
      "top_hate": [
        {
          "name": "Jordana",
          "score": -6.03
        },
        {
          "name": "Marciele",
          "score": -4.55
        },
        {
          "name": "Samira",
          "score": -2.42
        }
      ]
    }
  ],
  "score_matrix_ordered": [
    [
      0.0,
      1.25,
      1.475,
      1.6,
      1.475,
      0.665,
      3.31,
      -3.055,
      -1.39,
      -2.5013,
      -9.328,
      -1.0495,
      -2.0595,
      0.45
    ],
    [
      1.25,
      0.0,
      1.01,
      1.15,
      1.2138,
      1.17,
      -1.005,
      -8.7805,
      -2.64,
      -4.92,
      -9.043,
      -1.795,
      -0.515,
      0.52
    ],
    [
      1.475,
      1.01,
      0.0,
      1.25,
      2.3,
      0.925,
      -2.9125,
      -1.83,
      0.72,
      -2.9575,
      -5.58,
      -2.2325,
      -3.2625,
      -2.685
    ],
    [
      1.6,
      1.15,
      1.25,
      0.0,
      1.6,
      1.25,
      -4.245,
      -11.308,
      -4.98,
      -3.41,
      -5.475,
      -0.8445,
      -0.6745,
      -1.625
    ],
    [
      1.475,
      1.2138,
      2.3,
      1.6,
      0.0,
      1.35,
      -5.535,
      -2.59,
      -10.564,
      -1.935,
      -5.85,
      -4.5883,
      -4.8,
      -0.405
    ],
    [
      0.665,
      1.17,
      0.925,
      1.25,
      1.35,
      0.0,
      -4.8025,
      -6.6963,
      -5.933,
      -8.88,
      -2.6,
      1.088,
      1.543,
      -2.433
    ],
    [
      3.31,
      -1.005,
      -2.9125,
      -4.245,
      -5.535,
      -4.8025,
      0.0,
      -0.245,
      0.4775,
      -0.19,
      1.175,
      -2.0295,
      -3.062,
      -1.7025
    ],
    [
      -3.055,
      -8.7805,
      -1.83,
      -11.308,
      -2.59,
      -6.6963,
      -0.245,
      0.0,
      2.68,
      1.425,
      1.475,
      -6.372,
      -11.728,
      -4.425
    ],
    [
      -1.39,
      -2.64,
      0.72,
      -4.98,
      -10.564,
      -5.933,
      0.4775,
      2.68,
      0.0,
      1.425,
      1.2,
      -3.667,
      -11.1655,
      -1.9175
    ],
    [
      -2.5013,
      -4.92,
      -2.9575,
      -3.41,
      -1.935,
      -8.88,
      -0.19,
      1.425,
      1.425,
      0.0,
      1.75,
      -3.4825,
      -1.5025,
      -4.72
    ],
    [
      -9.328,
      -9.043,
      -5.58,
      -5.475,
      -5.85,
      -2.6,
      1.175,
      1.475,
      1.2,
      1.75,
      0.0,
      -2.8575,
      -5.38,
      -6.993
    ],
    [
      -1.0495,
      -1.795,
      -2.2325,
      -0.8445,
      -4.5883,
      1.088,
      -2.0295,
      -6.372,
      -3.667,
      -3.4825,
      -2.8575,
      0.0,
      2.755,
      1.33
    ],
    [
      -2.0595,
      -0.515,
      -3.2625,
      -0.6745,
      -4.8,
      1.543,
      -3.062,
      -11.728,
      -11.1655,
      -1.5025,
      -5.38,
      2.755,
      0.0,
      1.305
    ],
    [
      0.45,
      0.52,
      -2.685,
      -1.625,
      -0.405,
      -2.433,
      -1.7025,
      -4.425,
      -1.9175,
      -4.72,
      -6.993,
      1.33,
      1.305,
      0.0
    ]
  ],
  "vote_matrix_ordered": [
    [
      0.0,
      0.7143,
      0.4286,
      0.7143,
      0.6667,
      0.7143,
      0.0,
      0.0,
      0.0,
      0.0,
      0.0,
      0.5,
      0.5714,
      0.3333
    ],
    [
      0.7143,
      0.0,
      0.7143,
      0.8571,
      0.8333,
      0.8571,
      0.1429,
      0.0,
      0.3333,
      0.0,
      0.0,
      0.8333,
      0.8571,
      0.6667
    ],
    [
      0.4286,
      0.7143,
      0.0,
      0.5714,
      0.6667,
      0.5714,
      0.1429,
      0.0,
      0.3333,
      0.0,
      0.0,
      0.6667,
      0.5714,
      0.6667
    ],
    [
      0.7143,
      0.8571,
      0.5714,
      0.0,
      0.8333,
      0.8571,
      0.0,
      0.0,
      0.0,
      0.0,
      0.0,
      0.6667,
      0.7143,
      0.5
    ],
    [
      0.6667,
      0.8333,
      0.6667,
      0.8333,
      0.0,
      1.0,
      0.0,
      0.0,
      0.0,
      0.0,
      0.0,
      0.6667,
      0.6667,
      0.6
    ],
    [
      0.7143,
      0.8571,
      0.5714,
      0.8571,
      1.0,
      0.0,
      0.0,
      0.0,
      0.0,
      0.0,
      0.0,
      0.6667,
      0.7143,
      0.5
    ],
    [
      0.0,
      0.1429,
      0.1429,
      0.0,
      0.0,
      0.0,
      0.0,
      0.8,
      1.0,
      0.5714,
      0.5714,
      0.1667,
      0.1429,
      0.3333
    ],
    [
      0.0,
      0.0,
      0.0,
      0.0,
      0.0,
      0.0,
      0.8,
      0.0,
      1.0,
      0.8,
      0.8,
      0.0,
      0.0,
      0.25
    ],
    [
      0.0,
      0.3333,
      0.3333,
      0.0,
      0.0,
      0.0,
      1.0,
      1.0,
      0.0,
      0.6667,
      0.6667,
      0.3333,
      0.3333,
      1.0
    ],
    [
      0.0,
      0.0,
      0.0,
      0.0,
      0.0,
      0.0,
      0.5714,
      0.8,
      0.6667,
      0.0,
      0.7143,
      0.0,
      0.0,
      0.3333
    ],
    [
      0.0,
      0.0,
      0.0,
      0.0,
      0.0,
      0.0,
      0.5714,
      0.8,
      0.6667,
      0.7143,
      0.0,
      0.0,
      0.0,
      0.1667
    ],
    [
      0.5,
      0.8333,
      0.6667,
      0.6667,
      0.6667,
      0.6667,
      0.1667,
      0.0,
      0.3333,
      0.0,
      0.0,
      0.0,
      1.0,
      0.8
    ],
    [
      0.5714,
      0.8571,
      0.5714,
      0.7143,
      0.6667,
      0.7143,
      0.1429,
      0.0,
      0.3333,
      0.0,
      0.0,
      1.0,
      0.0,
      0.6667
    ],
    [
      0.3333,
      0.6667,
      0.6667,
      0.5,
      0.6,
      0.5,
      0.3333,
      0.25,
      1.0,
      0.3333,
      0.1667,
      0.8,
      0.6667,
      0.0
    ]
  ]
}