{
  "_metadata": {
    "generated_at": "2026-02-24T17:57:19.131538+00:00",
    "date": "2026-02-24",
    "week": 7,
    "reference_date": "2026-02-24",
    "n_active": 15,
    "n_clusters": 2,
    "n_paredoes": 5,
    "n_contradictions": 27,
    "n_tensions": 1,
    "silhouette_coefficient": 0.4071,
    "resolution_used": 0.5,
    "best_cohesion": {
      "label": 2,
      "name": "Grupo Misto A",
      "score": 1.116
    },
    "worst_rivalry": {
      "key": "1<>2",
      "score": -2.421,
      "text": "Grupo Misto vs Grupo Misto A"
    }
  },
  "active_names": [
    "Alberto Cowboy",
    "Ana Paula Renault",
    "Babu Santana",
    "Breno",
    "Chaiany",
    "Gabriela",
    "Jonas Sulzbach",
    "Jordana",
    "Juliano Floss",
    "Leandro",
    "Marciele",
    "Maxiane",
    "Milena",
    "Samira",
    "Solange Couto"
  ],
  "cluster_order": [
    "Chaiany",
    "Babu Santana",
    "Breno",
    "Juliano Floss",
    "Milena",
    "Ana Paula Renault",
    "Leandro",
    "Samira",
    "Solange Couto",
    "Gabriela",
    "Marciele",
    "Jordana",
    "Jonas Sulzbach",
    "Maxiane",
    "Alberto Cowboy"
  ],
  "communities": [
    {
      "label": 1,
      "name": "Grupo Misto",
      "color": "#e74c3c",
      "members": [
        "Ana Paula Renault",
        "Babu Santana",
        "Breno",
        "Chaiany",
        "Gabriela",
        "Juliano Floss",
        "Leandro",
        "Milena",
        "Samira",
        "Solange Couto"
      ],
      "group_composition": {
        "Pipoca": 6,
        "Veterano": 2,
        "Camarote": 2
      },
      "cohesion": 0.269,
      "best_external": {
        "label": 2,
        "name": "Grupo Misto A",
        "score": -2.421
      },
      "worst_external": {
        "label": 2,
        "name": "Grupo Misto A",
        "score": -2.421
      }
    },
    {
      "label": 2,
      "name": "Grupo Misto A",
      "color": "#3498db",
      "members": [
        "Alberto Cowboy",
        "Jonas Sulzbach",
        "Jordana",
        "Marciele",
        "Maxiane"
      ],
      "group_composition": {
        "Pipoca": 3,
        "Veterano": 2
      },
      "cohesion": 1.116,
      "best_external": {
        "label": 1,
        "name": "Grupo Misto",
        "score": -2.421
      },
      "worst_external": {
        "label": 1,
        "name": "Grupo Misto",
        "score": -2.421
      }
    }
  ],
  "inter_cluster": [
    {
      "cluster_a": 1,
      "cluster_b": 2,
      "name_a": "Grupo Misto",
      "name_b": "Grupo Misto A",
      "score_sym": -2.421,
      "score_a_to_b": -2.4639,
      "score_b_to_a": -2.378,
      "vote_alignment": 0.1697
    }
  ],
  "polarization": [
    {
      "name": "Alberto Cowboy",
      "grupo": "Veterano",
      "cluster": 2,
      "avg_received": -2.4612,
      "std_received": 3.2884,
      "contradictions": 1,
      "pos_received": 4.35,
      "top_love": [
        {
          "name": "Jonas Sulzbach",
          "score": 1.65
        },
        {
          "name": "Jordana",
          "score": 1.0
        },
        {
          "name": "Marciele",
          "score": 1.0
        }
      ],
      "top_hate": [
        {
          "name": "Leandro",
          "score": -10.28
        },
        {
          "name": "Milena",
          "score": -6.46
        },
        {
          "name": "Ana Paula Renault",
          "score": -4.64
        }
      ]
    },
    {
      "name": "Ana Paula Renault",
      "grupo": "Veterano",
      "cluster": 1,
      "avg_received": -0.5749,
      "std_received": 1.9996,
      "contradictions": 0,
      "pos_received": 6.61,
      "top_love": [
        {
          "name": "Milena",
          "score": 1.5
        },
        {
          "name": "Samira",
          "score": 1.3
        },
        {
          "name": "Chaiany",
          "score": 0.86
        }
      ],
      "top_hate": [
        {
          "name": "Maxiane",
          "score": -6.48
        },
        {
          "name": "Alberto Cowboy",
          "score": -1.82
        },
        {
          "name": "Jordana",
          "score": -1.59
        }
      ]
    },
    {
      "name": "Babu Santana",
      "grupo": "Veterano",
      "cluster": 1,
      "avg_received": -0.282,
      "std_received": 2.0931,
      "contradictions": 0,
      "pos_received": 7.9475,
      "top_love": [
        {
          "name": "Juliano Floss",
          "score": 1.5
        },
        {
          "name": "Solange Couto",
          "score": 1.5
        },
        {
          "name": "Chaiany",
          "score": 1.0
        }
      ],
      "top_hate": [
        {
          "name": "Jonas Sulzbach",
          "score": -6.21
        },
        {
          "name": "Gabriela",
          "score": -3.68
        },
        {
          "name": "Jordana",
          "score": -1.17
        }
      ]
    },
    {
      "name": "Breno",
      "grupo": "Pipoca",
      "cluster": 1,
      "avg_received": 0.0413,
      "std_received": 1.0969,
      "contradictions": 1,
      "pos_received": 7.4775,
      "top_love": [
        {
          "name": "Gabriela",
          "score": 1.3
        },
        {
          "name": "Babu Santana",
          "score": 1.18
        },
        {
          "name": "Chaiany",
          "score": 1.0
        }
      ],
      "top_hate": [
        {
          "name": "Alberto Cowboy",
          "score": -1.69
        },
        {
          "name": "Milena",
          "score": -1.66
        },
        {
          "name": "Ana Paula Renault",
          "score": -1.35
        }
      ]
    },
    {
      "name": "Chaiany",
      "grupo": "Pipoca",
      "cluster": 1,
      "avg_received": -0.1035,
      "std_received": 1.8688,
      "contradictions": 4,
      "pos_received": 10.15,
      "top_love": [
        {
          "name": "Gabriela",
          "score": 2.61
        },
        {
          "name": "Leandro",
          "score": 1.5
        },
        {
          "name": "Babu Santana",
          "score": 1.0
        }
      ],
      "top_hate": [
        {
          "name": "Alberto Cowboy",
          "score": -4.41
        },
        {
          "name": "Maxiane",
          "score": -2.87
        },
        {
          "name": "Jonas Sulzbach",
          "score": -1.91
        }
      ]
    },
    {
      "name": "Gabriela",
      "grupo": "Pipoca",
      "cluster": 1,
      "avg_received": -0.6796,
      "std_received": 1.6332,
      "contradictions": 6,
      "pos_received": 6.36,
      "top_love": [
        {
          "name": "Chaiany",
          "score": 2.46
        },
        {
          "name": "Jonas Sulzbach",
          "score": 1.2
        },
        {
          "name": "Alberto Cowboy",
          "score": 1.0
        }
      ],
      "top_hate": [
        {
          "name": "Solange Couto",
          "score": -3.15
        },
        {
          "name": "Babu Santana",
          "score": -2.58
        },
        {
          "name": "Maxiane",
          "score": -2.4
        }
      ]
    },
    {
      "name": "Jonas Sulzbach",
      "grupo": "Veterano",
      "cluster": 2,
      "avg_received": -1.4723,
      "std_received": 2.6891,
      "contradictions": 0,
      "pos_received": 5.6,
      "top_love": [
        {
          "name": "Alberto Cowboy",
          "score": 1.35
        },
        {
          "name": "Gabriela",
          "score": 1.0
        },
        {
          "name": "Jordana",
          "score": 1.0
        }
      ],
      "top_hate": [
        {
          "name": "Babu Santana",
          "score": -7.48
        },
        {
          "name": "Milena",
          "score": -4.66
        },
        {
          "name": "Juliano Floss",
          "score": -4.63
        }
      ]
    },
    {
      "name": "Jordana",
      "grupo": "Pipoca",
      "cluster": 2,
      "avg_received": -2.0393,
      "std_received": 2.4293,
      "contradictions": 2,
      "pos_received": 5.53,
      "top_love": [
        {
          "name": "Maxiane",
          "score": 1.38
        },
        {
          "name": "Gabriela",
          "score": 1.15
        },
        {
          "name": "Alberto Cowboy",
          "score": 1.0
        }
      ],
      "top_hate": [
        {
          "name": "Chaiany",
          "score": -5.31
        },
        {
          "name": "Ana Paula Renault",
          "score": -4.76
        },
        {
          "name": "Samira",
          "score": -3.93
        }
      ]
    },
    {
      "name": "Juliano Floss",
      "grupo": "Camarote",
      "cluster": 1,
      "avg_received": -1.3493,
      "std_received": 2.3383,
      "contradictions": 2,
      "pos_received": 5.24,
      "top_love": [
        {
          "name": "Babu Santana",
          "score": 1.2
        },
        {
          "name": "Breno",
          "score": 1.0
        },
        {
          "name": "Chaiany",
          "score": 1.0
        }
      ],
      "top_hate": [
        {
          "name": "Marciele",
          "score": -6.46
        },
        {
          "name": "Alberto Cowboy",
          "score": -4.41
        },
        {
          "name": "Maxiane",
          "score": -3.3
        }
      ]
    },
    {
      "name": "Leandro",
      "grupo": "Pipoca",
      "cluster": 1,
      "avg_received": -1.4288,
      "std_received": 2.9681,
      "contradictions": 0,
      "pos_received": 6.04,
      "top_love": [
        {
          "name": "Babu Santana",
          "score": 1.0
        },
        {
          "name": "Breno",
          "score": 1.0
        },
        {
          "name": "Chaiany",
          "score": 1.0
        }
      ],
      "top_hate": [
        {
          "name": "Alberto Cowboy",
          "score": -9.72
        },
        {
          "name": "Jordana",
          "score": -3.85
        },
        {
          "name": "Gabriela",
          "score": -3.77
        }
      ]
    },
    {
      "name": "Marciele",
      "grupo": "Pipoca",
      "cluster": 2,
      "avg_received": -0.2264,
      "std_received": 1.1323,
      "contradictions": 1,
      "pos_received": 5.75,
      "top_love": [
        {
          "name": "Jordana",
          "score": 1.5
        },
        {
          "name": "Maxiane",
          "score": 1.5
        },
        {
          "name": "Alberto Cowboy",
          "score": 1.2
        }
      ],
      "top_hate": [
        {
          "name": "Ana Paula Renault",
          "score": -1.87
        },
        {
          "name": "Milena",
          "score": -1.49
        },
        {
          "name": "Juliano Floss",
          "score": -1.29
        }
      ]
    },
    {
      "name": "Maxiane",
      "grupo": "Pipoca",
      "cluster": 2,
      "avg_received": -1.0061,
      "std_received": 2.1016,
      "contradictions": 2,
      "pos_received": 4.63,
      "top_love": [
        {
          "name": "Marciele",
          "score": 1.5
        },
        {
          "name": "Jordana",
          "score": 1.36
        },
        {
          "name": "Jonas Sulzbach",
          "score": 0.87
        }
      ],
      "top_hate": [
        {
          "name": "Chaiany",
          "score": -6.16
        },
        {
          "name": "Ana Paula Renault",
          "score": -4.81
        },
        {
          "name": "Milena",
          "score": -1.81
        }
      ]
    },
    {
      "name": "Milena",
      "grupo": "Pipoca",
      "cluster": 1,
      "avg_received": -1.0799,
      "std_received": 2.8173,
      "contradictions": 1,
      "pos_received": 8.064,
      "top_love": [
        {
          "name": "Babu Santana",
          "score": 2.02
        },
        {
          "name": "Juliano Floss",
          "score": 1.82
        },
        {
          "name": "Ana Paula Renault",
          "score": 1.5
        }
      ],
      "top_hate": [
        {
          "name": "Alberto Cowboy",
          "score": -7.9
        },
        {
          "name": "Jonas Sulzbach",
          "score": -6.08
        },
        {
          "name": "Maxiane",
          "score": -2.58
        }
      ]
    },
    {
      "name": "Samira",
      "grupo": "Pipoca",
      "cluster": 1,
      "avg_received": -0.845,
      "std_received": 1.6229,
      "contradictions": 2,
      "pos_received": 3.65,
      "top_love": [
        {
          "name": "Babu Santana",
          "score": 1.0
        },
        {
          "name": "Breno",
          "score": 1.0
        },
        {
          "name": "Chaiany",
          "score": 1.0
        }
      ],
      "top_hate": [
        {
          "name": "Jordana",
          "score": -3.93
        },
        {
          "name": "Maxiane",
          "score": -3.13
        },
        {
          "name": "Marciele",
          "score": -2.86
        }
      ]
    },
    {
      "name": "Solange Couto",
      "grupo": "Camarote",
      "cluster": 1,
      "avg_received": -0.4621,
      "std_received": 1.7708,
      "contradictions": 4,
      "pos_received": 7.39,
      "top_love": [
        {
          "name": "Babu Santana",
          "score": 1.7
        },
        {
          "name": "Breno",
          "score": 1.0
        },
        {
          "name": "Chaiany",
          "score": 1.0
        }
      ],
      "top_hate": [
        {
          "name": "Maxiane",
          "score": -3.07
        },
        {
          "name": "Gabriela",
          "score": -2.92
        },
        {
          "name": "Jordana",
          "score": -2.85
        }
      ]
    }
  ],
  "score_matrix_ordered": [
    [
      0.0,
      1.0,
      1.0,
      1.0,
      0.688,
      0.688,
      1.25,
      1.0,
      1.0,
      2.535,
      -0.9113,
      -3.425,
      -1.19,
      -4.513,
      -2.2225
    ],
    [
      1.0,
      0.0,
      1.0137,
      1.35,
      1.268,
      0.6018,
      1.0,
      0.955,
      1.6,
      -3.1325,
      -0.75,
      -2.53,
      -6.8435,
      -0.575,
      -2.1175
    ],
    [
      1.0,
      1.0137,
      0.0,
      1.0,
      -1.42,
      -1.4175,
      1.0,
      1.0,
      1.0,
      1.045,
      -0.235,
      -2.06,
      -0.9,
      -0.4225,
      -2.855
    ],
    [
      1.0,
      1.35,
      1.0,
      0.0,
      1.168,
      0.688,
      1.0,
      -1.688,
      0.2275,
      -1.075,
      -3.8775,
      -2.85,
      -3.588,
      -2.045,
      -4.2312
    ],
    [
      0.688,
      1.268,
      -1.42,
      1.168,
      0.0,
      1.5,
      0.688,
      0.53,
      -0.72,
      -1.137,
      -1.3325,
      -2.7775,
      -5.3675,
      -2.195,
      -7.18
    ],
    [
      0.688,
      0.6018,
      -1.4175,
      0.688,
      1.5,
      0.0,
      0.688,
      0.82,
      -0.4925,
      -0.5695,
      -1.425,
      -3.175,
      -1.9595,
      -5.643,
      -3.232
    ],
    [
      1.25,
      1.0,
      1.0,
      1.0,
      0.688,
      0.688,
      0.0,
      -1.4975,
      1.0,
      -2.9375,
      -1.75,
      -3.725,
      -3.655,
      -0.8362,
      -9.998
    ],
    [
      1.0,
      0.955,
      1.0,
      -1.688,
      0.53,
      0.82,
      -1.4975,
      0.0,
      0.245,
      -0.32,
      -1.86,
      -3.93,
      -0.69,
      -1.995,
      -2.75
    ],
    [
      1.0,
      1.6,
      1.0,
      0.2275,
      -0.72,
      -0.4925,
      1.0,
      0.245,
      0.0,
      -3.0375,
      -1.4775,
      -2.7725,
      0.7,
      -2.195,
      -2.0125
    ],
    [
      2.535,
      -3.1325,
      1.045,
      -1.075,
      -1.137,
      -0.5695,
      -2.9375,
      -0.32,
      -3.0375,
      0.0,
      -0.39,
      0.3025,
      1.1,
      -0.95,
      0.265
    ],
    [
      -0.9113,
      -0.75,
      -0.235,
      -3.8775,
      -1.3325,
      -1.425,
      -1.75,
      -1.86,
      -1.4775,
      -0.39,
      0.0,
      1.25,
      1.075,
      1.5,
      1.1
    ],
    [
      -3.425,
      -2.53,
      -2.06,
      -2.85,
      -2.7775,
      -3.175,
      -3.725,
      -3.93,
      -2.7725,
      0.3025,
      1.25,
      0.0,
      1.0,
      1.37,
      1.0
    ],
    [
      -1.19,
      -6.8435,
      -0.9,
      -3.588,
      -5.3675,
      -1.9595,
      -3.655,
      -0.69,
      0.7,
      1.1,
      1.075,
      1.0,
      0.0,
      0.815,
      1.5
    ],
    [
      -4.513,
      -0.575,
      -0.4225,
      -2.045,
      -2.195,
      -5.643,
      -0.8362,
      -1.995,
      -2.195,
      -0.95,
      1.5,
      1.37,
      0.815,
      0.0,
      0.55
    ],
    [
      -2.2225,
      -2.1175,
      -2.855,
      -4.2312,
      -7.18,
      -3.232,
      -9.998,
      -2.75,
      -2.0125,
      0.265,
      1.1,
      1.0,
      1.5,
      0.55,
      0.0
    ]
  ],
  "vote_matrix_ordered": [
    [
      0.0,
      0.75,
      0.8,
      0.8,
      0.8,
      0.75,
      0.8,
      0.4,
      0.4,
      0.0,
      0.0,
      0.0,
      0.0,
      0.0,
      0.0
    ],
    [
      0.75,
      0.0,
      0.75,
      1.0,
      0.75,
      0.75,
      0.75,
      0.5,
      0.5,
      0.0,
      0.0,
      0.0,
      0.0,
      0.0,
      0.0
    ],
    [
      0.8,
      0.75,
      0.0,
      0.8,
      1.0,
      1.0,
      0.8,
      0.6,
      0.6,
      0.2,
      0.0,
      0.0,
      0.5,
      0.25,
      0.0
    ],
    [
      0.8,
      1.0,
      0.8,
      0.0,
      0.8,
      0.75,
      0.8,
      0.4,
      0.4,
      0.0,
      0.0,
      0.0,
      0.0,
      0.0,
      0.0
    ],
    [
      0.8,
      0.75,
      1.0,
      0.8,
      0.0,
      1.0,
      0.8,
      0.6,
      0.6,
      0.2,
      0.0,
      0.0,
      0.5,
      0.25,
      0.0
    ],
    [
      0.75,
      0.75,
      1.0,
      0.75,
      1.0,
      0.0,
      0.75,
      0.75,
      0.75,
      0.25,
      0.0,
      0.0,
      0.5,
      0.3333,
      0.0
    ],
    [
      0.8,
      0.75,
      0.8,
      0.8,
      0.8,
      0.75,
      0.0,
      0.4,
      0.4,
      0.0,
      0.0,
      0.0,
      0.0,
      0.0,
      0.0
    ],
    [
      0.4,
      0.5,
      0.6,
      0.4,
      0.6,
      0.75,
      0.4,
      0.0,
      0.6,
      0.4,
      0.4,
      0.2,
      1.0,
      0.5,
      0.3333
    ],
    [
      0.4,
      0.5,
      0.6,
      0.4,
      0.6,
      0.75,
      0.4,
      0.6,
      0.0,
      0.2,
      0.0,
      0.0,
      0.5,
      0.25,
      0.0
    ],
    [
      0.0,
      0.0,
      0.2,
      0.0,
      0.2,
      0.25,
      0.0,
      0.4,
      0.2,
      0.0,
      0.4,
      0.4,
      1.0,
      0.5,
      0.6667
    ],
    [
      0.0,
      0.0,
      0.0,
      0.0,
      0.0,
      0.0,
      0.0,
      0.4,
      0.0,
      0.4,
      0.0,
      0.6,
      0.5,
      0.75,
      0.6667
    ],
    [
      0.0,
      0.0,
      0.0,
      0.0,
      0.0,
      0.0,
      0.0,
      0.2,
      0.0,
      0.4,
      0.6,
      0.0,
      0.5,
      0.5,
      0.6667
    ],
    [
      0.0,
      0.0,
      0.5,
      0.0,
      0.5,
      0.5,
      0.0,
      1.0,
      0.5,
      1.0,
      0.5,
      0.5,
      0.0,
      1.0,
      1.0
    ],
    [
      0.0,
      0.0,
      0.25,
      0.0,
      0.25,
      0.3333,
      0.0,
      0.5,
      0.25,
      0.5,
      0.75,
      0.5,
      1.0,
      0.0,
      0.5
    ],
    [
      0.0,
      0.0,
      0.0,
      0.0,
      0.0,
      0.0,
      0.0,
      0.3333,
      0.0,
      0.6667,
      0.6667,
      0.6667,
      1.0,
      0.5,
      0.0
    ]
  ]
}