{
  "_metadata": {
    "generated_at": "2026-02-10T09:57:17.231945+00:00",
    "date": "2026-02-10",
    "week": 5,
    "reference_date": "2026-02-10",
    "n_active": 19,
    "n_clusters": 2,
    "n_paredoes": 3,
    "n_contradictions": 23,
    "n_tensions": 1,
    "silhouette_coefficient": 0.3365,
    "resolution_used": 0.5,
    "best_cohesion": {
      "label": 1,
      "name": "Grupo Misto",
      "score": 0.6411
    },
    "worst_rivalry": {
      "key": "1<>2",
      "score": -1.5698,
      "text": "Grupo Misto vs Grupo Misto A"
    }
  },
  "active_names": [
    "Alberto Cowboy",
    "Ana Paula Renault",
    "Babu Santana",
    "Breno",
    "Chaiany",
    "Edilson",
    "Gabriela",
    "Jonas Sulzbach",
    "Jordana",
    "Juliano Floss",
    "Leandro",
    "Marcelo",
    "Marciele",
    "Maxiane",
    "Milena",
    "Samira",
    "Sarah Andrade",
    "Sol Vega",
    "Solange Couto"
  ],
  "cluster_order": [
    "Sarah Andrade",
    "Jonas Sulzbach",
    "Alberto Cowboy",
    "Jordana",
    "Maxiane",
    "Marciele",
    "Sol Vega",
    "Gabriela",
    "Edilson",
    "Breno",
    "Babu Santana",
    "Chaiany",
    "Leandro",
    "Solange Couto",
    "Juliano Floss",
    "Ana Paula Renault",
    "Marcelo",
    "Milena",
    "Samira"
  ],
  "communities": [
    {
      "label": 1,
      "name": "Grupo Misto",
      "color": "#e74c3c",
      "members": [
        "Alberto Cowboy",
        "Breno",
        "Edilson",
        "Gabriela",
        "Jonas Sulzbach",
        "Jordana",
        "Marciele",
        "Maxiane",
        "Sarah Andrade",
        "Sol Vega"
      ],
      "group_composition": {
        "Pipoca": 5,
        "Veterano": 4,
        "Camarote": 1
      },
      "cohesion": 0.6411,
      "best_external": {
        "label": 2,
        "name": "Grupo Misto A",
        "score": -1.5698
      },
      "worst_external": {
        "label": 2,
        "name": "Grupo Misto A",
        "score": -1.5698
      }
    },
    {
      "label": 2,
      "name": "Grupo Misto A",
      "color": "#3498db",
      "members": [
        "Ana Paula Renault",
        "Babu Santana",
        "Chaiany",
        "Juliano Floss",
        "Leandro",
        "Marcelo",
        "Milena",
        "Samira",
        "Solange Couto"
      ],
      "group_composition": {
        "Pipoca": 5,
        "Veterano": 2,
        "Camarote": 2
      },
      "cohesion": 0.4427,
      "best_external": {
        "label": 1,
        "name": "Grupo Misto",
        "score": -1.5698
      },
      "worst_external": {
        "label": 1,
        "name": "Grupo Misto",
        "score": -1.5698
      }
    }
  ],
  "inter_cluster": [
    {
      "cluster_a": 1,
      "cluster_b": 2,
      "name_a": "Grupo Misto",
      "name_b": "Grupo Misto A",
      "score_sym": -1.5698,
      "score_a_to_b": -1.637,
      "score_b_to_a": -1.5026,
      "vote_alignment": 0.2222
    }
  ],
  "polarization": [
    {
      "name": "Alberto Cowboy",
      "grupo": "Veterano",
      "cluster": 1,
      "avg_received": -0.5232,
      "std_received": 2.0799,
      "contradictions": 0,
      "pos_received": 8.81,
      "top_love": [
        {
          "name": "Jonas Sulzbach",
          "score": 1.65
        },
        {
          "name": "Sarah Andrade",
          "score": 1.36
        },
        {
          "name": "Edilson",
          "score": 1.1
        }
      ],
      "top_hate": [
        {
          "name": "Leandro",
          "score": -6.96
        },
        {
          "name": "Milena",
          "score": -3.69
        },
        {
          "name": "Ana Paula Renault",
          "score": -2.28
        }
      ]
    },
    {
      "name": "Ana Paula Renault",
      "grupo": "Veterano",
      "cluster": 2,
      "avg_received": -0.9092,
      "std_received": 1.9048,
      "contradictions": 0,
      "pos_received": 6.054,
      "top_love": [
        {
          "name": "Milena",
          "score": 1.5
        },
        {
          "name": "Babu Santana",
          "score": 0.86
        },
        {
          "name": "Chaiany",
          "score": 0.86
        }
      ],
      "top_hate": [
        {
          "name": "Maxiane",
          "score": -5.67
        },
        {
          "name": "Sarah Andrade",
          "score": -4.97
        },
        {
          "name": "Sol Vega",
          "score": -2.46
        }
      ]
    },
    {
      "name": "Babu Santana",
      "grupo": "Veterano",
      "cluster": 2,
      "avg_received": -0.3843,
      "std_received": 1.9888,
      "contradictions": 0,
      "pos_received": 8.92,
      "top_love": [
        {
          "name": "Edilson",
          "score": 1.5
        },
        {
          "name": "Juliano Floss",
          "score": 1.5
        },
        {
          "name": "Solange Couto",
          "score": 1.5
        }
      ],
      "top_hate": [
        {
          "name": "Jonas Sulzbach",
          "score": -6.12
        },
        {
          "name": "Sarah Andrade",
          "score": -4.39
        },
        {
          "name": "Sol Vega",
          "score": -1.62
        }
      ]
    },
    {
      "name": "Breno",
      "grupo": "Pipoca",
      "cluster": 1,
      "avg_received": 0.1228,
      "std_received": 0.9604,
      "contradictions": 1,
      "pos_received": 8.75,
      "top_love": [
        {
          "name": "Gabriela",
          "score": 1.3
        },
        {
          "name": "Maxiane",
          "score": 1.2
        },
        {
          "name": "Babu Santana",
          "score": 1.02
        }
      ],
      "top_hate": [
        {
          "name": "Ana Paula Renault",
          "score": -1.96
        },
        {
          "name": "Milena",
          "score": -1.25
        },
        {
          "name": "Alberto Cowboy",
          "score": -0.98
        }
      ]
    },
    {
      "name": "Chaiany",
      "grupo": "Pipoca",
      "cluster": 2,
      "avg_received": -0.2808,
      "std_received": 1.6267,
      "contradictions": 4,
      "pos_received": 8.66,
      "top_love": [
        {
          "name": "Gabriela",
          "score": 1.5
        },
        {
          "name": "Leandro",
          "score": 1.5
        },
        {
          "name": "Babu Santana",
          "score": 1.0
        }
      ],
      "top_hate": [
        {
          "name": "Sarah Andrade",
          "score": -4.65
        },
        {
          "name": "Sol Vega",
          "score": -2.85
        },
        {
          "name": "Alberto Cowboy",
          "score": -2.19
        }
      ]
    },
    {
      "name": "Edilson",
      "grupo": "Camarote",
      "cluster": 1,
      "avg_received": -0.0294,
      "std_received": 1.1534,
      "contradictions": 3,
      "pos_received": 9.03,
      "top_love": [
        {
          "name": "Alberto Cowboy",
          "score": 1.95
        },
        {
          "name": "Babu Santana",
          "score": 1.5
        },
        {
          "name": "Jonas Sulzbach",
          "score": 1.2
        }
      ],
      "top_hate": [
        {
          "name": "Milena",
          "score": -1.81
        },
        {
          "name": "Leandro",
          "score": -1.8
        },
        {
          "name": "Ana Paula Renault",
          "score": -1.48
        }
      ]
    },
    {
      "name": "Gabriela",
      "grupo": "Pipoca",
      "cluster": 1,
      "avg_received": -0.7756,
      "std_received": 1.668,
      "contradictions": 2,
      "pos_received": 7.61,
      "top_love": [
        {
          "name": "Chaiany",
          "score": 1.5
        },
        {
          "name": "Jonas Sulzbach",
          "score": 1.2
        },
        {
          "name": "Alberto Cowboy",
          "score": 1.0
        }
      ],
      "top_hate": [
        {
          "name": "Maxiane",
          "score": -3.27
        },
        {
          "name": "Solange Couto",
          "score": -2.89
        },
        {
          "name": "Samira",
          "score": -2.79
        }
      ]
    },
    {
      "name": "Jonas Sulzbach",
      "grupo": "Veterano",
      "cluster": 1,
      "avg_received": -0.9826,
      "std_received": 2.4545,
      "contradictions": 0,
      "pos_received": 8.18,
      "top_love": [
        {
          "name": "Sarah Andrade",
          "score": 1.7
        },
        {
          "name": "Alberto Cowboy",
          "score": 1.35
        },
        {
          "name": "Edilson",
          "score": 1.0
        }
      ],
      "top_hate": [
        {
          "name": "Babu Santana",
          "score": -6.97
        },
        {
          "name": "Marcelo",
          "score": -5.07
        },
        {
          "name": "Juliano Floss",
          "score": -4.36
        }
      ]
    },
    {
      "name": "Jordana",
      "grupo": "Pipoca",
      "cluster": 1,
      "avg_received": -0.1467,
      "std_received": 1.1928,
      "contradictions": 2,
      "pos_received": 8.2,
      "top_love": [
        {
          "name": "Maxiane",
          "score": 1.2
        },
        {
          "name": "Alberto Cowboy",
          "score": 1.0
        },
        {
          "name": "Breno",
          "score": 1.0
        }
      ],
      "top_hate": [
        {
          "name": "Ana Paula Renault",
          "score": -2.76
        },
        {
          "name": "Samira",
          "score": -1.57
        },
        {
          "name": "Babu Santana",
          "score": -1.39
        }
      ]
    },
    {
      "name": "Juliano Floss",
      "grupo": "Camarote",
      "cluster": 2,
      "avg_received": -0.7826,
      "std_received": 1.7891,
      "contradictions": 0,
      "pos_received": 7.54,
      "top_love": [
        {
          "name": "Edilson",
          "score": 1.3
        },
        {
          "name": "Babu Santana",
          "score": 1.2
        },
        {
          "name": "Chaiany",
          "score": 1.0
        }
      ],
      "top_hate": [
        {
          "name": "Marciele",
          "score": -4.08
        },
        {
          "name": "Sol Vega",
          "score": -3.9
        },
        {
          "name": "Samira",
          "score": -2.61
        }
      ]
    },
    {
      "name": "Leandro",
      "grupo": "Pipoca",
      "cluster": 2,
      "avg_received": -1.46,
      "std_received": 2.7023,
      "contradictions": 2,
      "pos_received": 6.95,
      "top_love": [
        {
          "name": "Babu Santana",
          "score": 1.0
        },
        {
          "name": "Chaiany",
          "score": 1.0
        },
        {
          "name": "Juliano Floss",
          "score": 1.0
        }
      ],
      "top_hate": [
        {
          "name": "Alberto Cowboy",
          "score": -9.36
        },
        {
          "name": "Jordana",
          "score": -4.0
        },
        {
          "name": "Gabriela",
          "score": -3.82
        }
      ]
    },
    {
      "name": "Marcelo",
      "grupo": "Pipoca",
      "cluster": 2,
      "avg_received": -0.1378,
      "std_received": 1.6069,
      "contradictions": 1,
      "pos_received": 9.27,
      "top_love": [
        {
          "name": "Maxiane",
          "score": 1.88
        },
        {
          "name": "Marciele",
          "score": 1.3
        },
        {
          "name": "Babu Santana",
          "score": 1.2
        }
      ],
      "top_hate": [
        {
          "name": "Jonas Sulzbach",
          "score": -5.31
        },
        {
          "name": "Milena",
          "score": -1.84
        },
        {
          "name": "Ana Paula Renault",
          "score": -1.51
        }
      ]
    },
    {
      "name": "Marciele",
      "grupo": "Pipoca",
      "cluster": 1,
      "avg_received": 0.2689,
      "std_received": 1.0841,
      "contradictions": 0,
      "pos_received": 11.43,
      "top_love": [
        {
          "name": "Breno",
          "score": 1.5
        },
        {
          "name": "Maxiane",
          "score": 1.5
        },
        {
          "name": "Jordana",
          "score": 1.47
        }
      ],
      "top_hate": [
        {
          "name": "Ana Paula Renault",
          "score": -1.96
        },
        {
          "name": "Milena",
          "score": -1.42
        },
        {
          "name": "Juliano Floss",
          "score": -1.03
        }
      ]
    },
    {
      "name": "Maxiane",
      "grupo": "Pipoca",
      "cluster": 1,
      "avg_received": 0.0677,
      "std_received": 1.4903,
      "contradictions": 3,
      "pos_received": 11.12,
      "top_love": [
        {
          "name": "Marcelo",
          "score": 1.86
        },
        {
          "name": "Marciele",
          "score": 1.5
        },
        {
          "name": "Jonas Sulzbach",
          "score": 1.35
        }
      ],
      "top_hate": [
        {
          "name": "Ana Paula Renault",
          "score": -4.54
        },
        {
          "name": "Milena",
          "score": -1.83
        },
        {
          "name": "Solange Couto",
          "score": -0.87
        }
      ]
    },
    {
      "name": "Milena",
      "grupo": "Pipoca",
      "cluster": 2,
      "avg_received": -0.8731,
      "std_received": 1.97,
      "contradictions": 1,
      "pos_received": 5.964,
      "top_love": [
        {
          "name": "Ana Paula Renault",
          "score": 1.5
        },
        {
          "name": "Babu Santana",
          "score": 1.06
        },
        {
          "name": "Chaiany",
          "score": 0.86
        }
      ],
      "top_hate": [
        {
          "name": "Alberto Cowboy",
          "score": -7.39
        },
        {
          "name": "Maxiane",
          "score": -2.28
        },
        {
          "name": "Sarah Andrade",
          "score": -2.07
        }
      ]
    },
    {
      "name": "Samira",
      "grupo": "Pipoca",
      "cluster": 2,
      "avg_received": -0.7219,
      "std_received": 1.2776,
      "contradictions": 2,
      "pos_received": 2.02,
      "top_love": [
        {
          "name": "Chaiany",
          "score": 1.0
        },
        {
          "name": "Maxiane",
          "score": 0.3
        },
        {
          "name": "Marciele",
          "score": 0.2
        }
      ],
      "top_hate": [
        {
          "name": "Sol Vega",
          "score": -4.15
        },
        {
          "name": "Juliano Floss",
          "score": -3.23
        },
        {
          "name": "Milena",
          "score": -1.75
        }
      ]
    },
    {
      "name": "Sarah Andrade",
      "grupo": "Veterano",
      "cluster": 1,
      "avg_received": -0.4033,
      "std_received": 1.988,
      "contradictions": 1,
      "pos_received": 10.71,
      "top_love": [
        {
          "name": "Jonas Sulzbach",
          "score": 3.16
        },
        {
          "name": "Alberto Cowboy",
          "score": 1.53
        },
        {
          "name": "Maxiane",
          "score": 1.2
        }
      ],
      "top_hate": [
        {
          "name": "Babu Santana",
          "score": -5.28
        },
        {
          "name": "Ana Paula Renault",
          "score": -3.68
        },
        {
          "name": "Leandro",
          "score": -2.12
        }
      ]
    },
    {
      "name": "Sol Vega",
      "grupo": "Veterano",
      "cluster": 1,
      "avg_received": -1.9059,
      "std_received": 2.5396,
      "contradictions": 6,
      "pos_received": 7.01,
      "top_love": [
        {
          "name": "Sarah Andrade",
          "score": 2.11
        },
        {
          "name": "Jonas Sulzbach",
          "score": 1.2
        },
        {
          "name": "Alberto Cowboy",
          "score": 1.0
        }
      ],
      "top_hate": [
        {
          "name": "Babu Santana",
          "score": -6.62
        },
        {
          "name": "Juliano Floss",
          "score": -5.61
        },
        {
          "name": "Samira",
          "score": -4.61
        }
      ]
    },
    {
      "name": "Solange Couto",
      "grupo": "Camarote",
      "cluster": 2,
      "avg_received": -0.8642,
      "std_received": 1.5916,
      "contradictions": 3,
      "pos_received": 5.87,
      "top_love": [
        {
          "name": "Babu Santana",
          "score": 1.7
        },
        {
          "name": "Chaiany",
          "score": 1.0
        },
        {
          "name": "Juliano Floss",
          "score": 1.0
        }
      ],
      "top_hate": [
        {
          "name": "Sarah Andrade",
          "score": -2.9
        },
        {
          "name": "Gabriela",
          "score": -2.6
        },
        {
          "name": "Jordana",
          "score": -2.55
        }
      ]
    }
  ],
  "score_matrix_ordered": [
    [
      0.0,
      2.43,
      1.445,
      1.0,
      1.1,
      1.06,
      1.555,
      1.0,
      1.0,
      0.015,
      -4.833,
      -3.3475,
      -2.895,
      -1.7775,
      -1.5925,
      -4.325,
      -0.6225,
      -1.88,
      -0.79
    ],
    [
      2.43,
      0.0,
      1.5,
      1.0,
      1.175,
      0.64,
      1.1,
      1.1,
      1.1,
      -0.2475,
      -6.5435,
      -1.2575,
      -3.2725,
      -0.21,
      -3.4005,
      -1.767,
      -5.188,
      -1.387,
      -0.69
    ],
    [
      1.445,
      1.5,
      0.0,
      1.0,
      0.55,
      1.1,
      1.0,
      1.0,
      1.525,
      -0.795,
      -0.88,
      -1.2175,
      -8.158,
      -1.455,
      -1.68,
      -1.767,
      -0.08,
      -5.54,
      -1.195
    ],
    [
      1.0,
      1.0,
      1.0,
      0.0,
      1.1,
      1.235,
      -0.5,
      0.955,
      0.0,
      1.0,
      -1.34,
      -1.095,
      -2.65,
      -1.4875,
      -0.615,
      -2.28,
      -0.245,
      -1.3425,
      -1.585
    ],
    [
      1.1,
      1.175,
      0.55,
      1.1,
      0.0,
      1.5,
      0.955,
      -1.82,
      1.0,
      1.1,
      -0.655,
      0.1675,
      0.52,
      -1.685,
      -0.9925,
      -5.103,
      1.87,
      -2.055,
      -0.245
    ],
    [
      1.06,
      0.64,
      1.1,
      1.235,
      1.5,
      0.0,
      0.895,
      -1.575,
      -0.1775,
      1.25,
      -0.095,
      0.1975,
      -1.455,
      -1.455,
      -2.5575,
      -1.47,
      1.3,
      -1.1975,
      -0.0975
    ],
    [
      1.555,
      1.1,
      1.0,
      -0.5,
      0.955,
      0.895,
      0.0,
      1.0,
      -1.695,
      -1.04,
      -4.12,
      -2.6225,
      -2.1875,
      -2.2925,
      -4.7525,
      -3.522,
      -1.55,
      -2.0395,
      -4.378
    ],
    [
      1.0,
      1.1,
      1.0,
      0.955,
      -1.82,
      -1.575,
      1.0,
      0.0,
      1.0,
      0.375,
      -1.9675,
      1.5,
      -2.96,
      -2.7475,
      -1.545,
      -1.577,
      -0.8775,
      -0.767,
      -1.395
    ],
    [
      1.0,
      1.1,
      1.525,
      0.0,
      1.0,
      -0.1775,
      -1.695,
      1.0,
      0.0,
      -1.06,
      1.5,
      0.28,
      -2.56,
      -1.4875,
      0.775,
      -1.312,
      -0.5025,
      -1.867,
      -0.5075
    ],
    [
      0.015,
      -0.2475,
      -0.795,
      1.0,
      1.1,
      1.25,
      -1.04,
      0.375,
      -1.06,
      0.0,
      0.475,
      0.405,
      0.465,
      -0.43,
      0.09,
      -1.495,
      1.0,
      -0.675,
      -0.2325
    ],
    [
      -4.833,
      -6.5435,
      -0.88,
      -1.34,
      -0.655,
      -0.095,
      -4.12,
      -1.9675,
      1.5,
      0.475,
      0.0,
      1.0,
      1.0,
      1.6,
      1.35,
      0.688,
      1.1,
      0.788,
      0.13
    ],
    [
      -3.3475,
      -1.2575,
      -1.2175,
      -1.095,
      0.1675,
      0.1975,
      -2.6225,
      1.5,
      0.28,
      0.405,
      1.0,
      0.0,
      1.25,
      0.985,
      1.0,
      0.688,
      0.64,
      0.688,
      1.0
    ],
    [
      -2.895,
      -3.2725,
      -8.158,
      -2.65,
      0.52,
      -1.455,
      -2.1875,
      -2.96,
      -2.56,
      0.465,
      1.0,
      1.25,
      0.0,
      1.0,
      1.0,
      0.688,
      1.0,
      0.688,
      -0.87
    ],
    [
      -1.7775,
      -0.21,
      -1.455,
      -1.4875,
      -1.685,
      -1.455,
      -2.2925,
      -2.7475,
      -1.4875,
      -0.43,
      1.6,
      0.985,
      1.0,
      0.0,
      1.0,
      -0.275,
      0.94,
      -0.72,
      -0.52
    ],
    [
      -1.5925,
      -3.4005,
      -1.68,
      -0.615,
      -0.9925,
      -2.5575,
      -4.7525,
      -1.545,
      0.775,
      0.09,
      1.35,
      1.0,
      1.0,
      1.0,
      0.0,
      0.688,
      1.0,
      0.688,
      -2.918
    ],
    [
      -4.325,
      -1.767,
      -1.767,
      -2.28,
      -5.103,
      -1.47,
      -3.522,
      -1.577,
      -1.312,
      -1.495,
      0.688,
      0.688,
      0.688,
      -0.275,
      0.688,
      0.0,
      -1.245,
      1.5,
      0.4
    ],
    [
      -0.6225,
      -5.188,
      -0.08,
      -0.245,
      1.87,
      1.3,
      -1.55,
      -0.8775,
      -0.5025,
      1.0,
      1.1,
      0.64,
      1.0,
      0.94,
      1.0,
      -1.245,
      0.0,
      -1.41,
      -0.1475
    ],
    [
      -1.88,
      -1.387,
      -5.54,
      -1.3425,
      -2.055,
      -1.1975,
      -2.0395,
      -0.767,
      -1.867,
      -0.675,
      0.788,
      0.688,
      0.688,
      -0.72,
      0.688,
      1.5,
      -1.41,
      0.0,
      -0.455
    ],
    [
      -0.79,
      -0.69,
      -1.195,
      -1.585,
      -0.245,
      -0.0975,
      -4.378,
      -1.395,
      -0.5075,
      -0.2325,
      0.13,
      1.0,
      -0.87,
      -0.52,
      -2.918,
      0.4,
      -0.1475,
      -0.455,
      0.0
    ]
  ],
  "vote_matrix_ordered": [
    [
      0.0,
      1.0,
      1.0,
      0.3333,
      0.5,
      0.3333,
      0.6667,
      0.6667,
      0.3333,
      0.3333,
      0.0,
      0.0,
      0.0,
      0.3333,
      0.0,
      0.5,
      0.3333,
      0.3333,
      0.6667
    ],
    [
      1.0,
      0.0,
      1.0,
      0.5,
      1.0,
      0.5,
      0.5,
      1.0,
      0.5,
      0.5,
      0.0,
      0.0,
      0.0,
      0.5,
      0.0,
      0.5,
      0.5,
      0.5,
      1.0
    ],
    [
      1.0,
      1.0,
      0.0,
      0.5,
      0.0,
      0.5,
      1.0,
      0.5,
      0.5,
      0.0,
      0.0,
      0.0,
      0.0,
      0.0,
      0.0,
      0.0,
      0.0,
      0.0,
      0.5
    ],
    [
      0.3333,
      0.5,
      0.5,
      0.0,
      0.0,
      0.3333,
      0.3333,
      0.3333,
      0.6667,
      0.0,
      0.0,
      0.0,
      0.0,
      0.0,
      0.0,
      0.0,
      0.0,
      0.0,
      0.3333
    ],
    [
      0.5,
      1.0,
      0.0,
      0.0,
      0.0,
      0.5,
      0.0,
      0.5,
      0.0,
      0.5,
      0.0,
      0.0,
      0.0,
      0.5,
      0.0,
      1.0,
      0.5,
      0.5,
      1.0
    ],
    [
      0.3333,
      0.5,
      0.5,
      0.3333,
      0.5,
      0.0,
      0.6667,
      0.3333,
      0.3333,
      0.0,
      0.0,
      0.0,
      0.0,
      0.0,
      0.0,
      0.0,
      0.0,
      0.0,
      0.6667
    ],
    [
      0.6667,
      0.5,
      1.0,
      0.3333,
      0.0,
      0.6667,
      0.0,
      0.3333,
      0.3333,
      0.0,
      0.0,
      0.0,
      0.0,
      0.0,
      0.0,
      0.0,
      0.0,
      0.0,
      0.3333
    ],
    [
      0.6667,
      1.0,
      0.5,
      0.3333,
      0.5,
      0.3333,
      0.3333,
      0.0,
      0.3333,
      0.3333,
      0.0,
      0.0,
      0.0,
      0.3333,
      0.0,
      0.5,
      0.3333,
      0.3333,
      0.6667
    ],
    [
      0.3333,
      0.5,
      0.5,
      0.6667,
      0.0,
      0.3333,
      0.3333,
      0.3333,
      0.0,
      0.0,
      0.5,
      0.0,
      0.0,
      0.0,
      0.3333,
      0.0,
      0.0,
      0.0,
      0.3333
    ],
    [
      0.3333,
      0.5,
      0.0,
      0.0,
      0.5,
      0.0,
      0.0,
      0.3333,
      0.0,
      0.0,
      0.5,
      0.6667,
      0.6667,
      0.3333,
      0.6667,
      1.0,
      1.0,
      1.0,
      0.3333
    ],
    [
      0.0,
      0.0,
      0.0,
      0.0,
      0.0,
      0.0,
      0.0,
      0.0,
      0.5,
      0.5,
      0.0,
      0.5,
      0.5,
      0.0,
      1.0,
      0.5,
      0.5,
      0.5,
      0.0
    ],
    [
      0.0,
      0.0,
      0.0,
      0.0,
      0.0,
      0.0,
      0.0,
      0.0,
      0.0,
      0.6667,
      0.5,
      0.0,
      0.6667,
      0.0,
      0.6667,
      0.5,
      0.6667,
      0.6667,
      0.0
    ],
    [
      0.0,
      0.0,
      0.0,
      0.0,
      0.0,
      0.0,
      0.0,
      0.0,
      0.0,
      0.6667,
      0.5,
      0.6667,
      0.0,
      0.0,
      0.6667,
      0.5,
      0.6667,
      0.6667,
      0.0
    ],
    [
      0.3333,
      0.5,
      0.0,
      0.0,
      0.5,
      0.0,
      0.0,
      0.3333,
      0.0,
      0.3333,
      0.0,
      0.0,
      0.0,
      0.0,
      0.0,
      0.5,
      0.3333,
      0.3333,
      0.3333
    ],
    [
      0.0,
      0.0,
      0.0,
      0.0,
      0.0,
      0.0,
      0.0,
      0.0,
      0.3333,
      0.6667,
      1.0,
      0.6667,
      0.6667,
      0.0,
      0.0,
      0.5,
      0.6667,
      0.6667,
      0.0
    ],
    [
      0.5,
      0.5,
      0.0,
      0.0,
      1.0,
      0.0,
      0.0,
      0.5,
      0.0,
      1.0,
      0.5,
      0.5,
      0.5,
      0.5,
      0.5,
      0.0,
      1.0,
      1.0,
      0.5
    ],
    [
      0.3333,
      0.5,
      0.0,
      0.0,
      0.5,
      0.0,
      0.0,
      0.3333,
      0.0,
      1.0,
      0.5,
      0.6667,
      0.6667,
      0.3333,
      0.6667,
      1.0,
      0.0,
      1.0,
      0.3333
    ],
    [
      0.3333,
      0.5,
      0.0,
      0.0,
      0.5,
      0.0,
      0.0,
      0.3333,
      0.0,
      1.0,
      0.5,
      0.6667,
      0.6667,
      0.3333,
      0.6667,
      1.0,
      1.0,
      0.0,
      0.3333
    ],
    [
      0.6667,
      1.0,
      0.5,
      0.3333,
      1.0,
      0.6667,
      0.3333,
      0.6667,
      0.3333,
      0.3333,
      0.0,
      0.0,
      0.0,
      0.3333,
      0.0,
      0.5,
      0.3333,
      0.3333,
      0.0
    ]
  ]
}