{
  "_metadata": {
    "generated_at": "2026-03-18T00:21:02.764531+00:00",
    "date": "2026-03-17",
    "week": 9,
    "reference_date": "2026-03-17",
    "n_active": 13,
    "n_clusters": 2,
    "n_paredoes": 8,
    "n_contradictions": 39,
    "n_tensions": 1,
    "silhouette_coefficient": 0.4161,
    "resolution_used": 0.5,
    "best_cohesion": {
      "label": 2,
      "name": "Aliança Grupo Misto",
      "score": 1.5025
    },
    "worst_rivalry": {
      "key": "1<>2",
      "score": -5.5295,
      "text": "Frente Grupo Misto vs Aliança Grupo Misto"
    }
  },
  "active_names": [
    "Alberto Cowboy",
    "Ana Paula Renault",
    "Breno",
    "Chaiany",
    "Gabriela",
    "Jonas Sulzbach",
    "Jordana",
    "Juliano Floss",
    "Leandro",
    "Marciele",
    "Milena",
    "Samira",
    "Solange Couto"
  ],
  "cluster_order": [
    "Chaiany",
    "Breno",
    "Juliano Floss",
    "Milena",
    "Samira",
    "Leandro",
    "Ana Paula Renault",
    "Solange Couto",
    "Gabriela",
    "Alberto Cowboy",
    "Jonas Sulzbach",
    "Jordana",
    "Marciele"
  ],
  "communities": [
    {
      "label": 1,
      "name": "Frente Grupo Misto",
      "color": "#e74c3c",
      "members": [
        "Ana Paula Renault",
        "Breno",
        "Chaiany",
        "Gabriela",
        "Juliano Floss",
        "Leandro",
        "Milena",
        "Samira",
        "Solange Couto"
      ],
      "group_composition": {
        "Pipoca": 6,
        "Camarote": 2,
        "Veterano": 1
      },
      "cohesion": -0.7732,
      "best_external": {
        "label": 2,
        "name": "Aliança Grupo Misto",
        "score": -5.5295
      },
      "worst_external": {
        "label": 2,
        "name": "Aliança Grupo Misto",
        "score": -5.5295
      }
    },
    {
      "label": 2,
      "name": "Aliança Grupo Misto",
      "color": "#3498db",
      "members": [
        "Alberto Cowboy",
        "Jonas Sulzbach",
        "Jordana",
        "Marciele"
      ],
      "group_composition": {
        "Veterano": 2,
        "Pipoca": 2
      },
      "cohesion": 1.5025,
      "best_external": {
        "label": 1,
        "name": "Frente Grupo Misto",
        "score": -5.5295
      },
      "worst_external": {
        "label": 1,
        "name": "Frente Grupo Misto",
        "score": -5.5295
      }
    }
  ],
  "inter_cluster": [
    {
      "cluster_a": 1,
      "cluster_b": 2,
      "name_a": "Frente Grupo Misto",
      "name_b": "Aliança Grupo Misto",
      "score_sym": -5.5295,
      "score_a_to_b": -5.9286,
      "score_b_to_a": -5.1304,
      "vote_alignment": 0.1614
    }
  ],
  "polarization": [
    {
      "name": "Alberto Cowboy",
      "grupo": "Veterano",
      "cluster": 2,
      "avg_received": -4.7365,
      "std_received": 5.0874,
      "contradictions": 2,
      "pos_received": 4.95,
      "top_love": [
        {
          "name": "Jonas Sulzbach",
          "score": 2.35
        },
        {
          "name": "Jordana",
          "score": 1.3
        },
        {
          "name": "Marciele",
          "score": 1.3
        }
      ],
      "top_hate": [
        {
          "name": "Leandro",
          "score": -12.88
        },
        {
          "name": "Milena",
          "score": -11.37
        },
        {
          "name": "Breno",
          "score": -10.68
        }
      ]
    },
    {
      "name": "Ana Paula Renault",
      "grupo": "Veterano",
      "cluster": 1,
      "avg_received": -2.4142,
      "std_received": 2.996,
      "contradictions": 0,
      "pos_received": 6.666,
      "top_love": [
        {
          "name": "Milena",
          "score": 3.31
        },
        {
          "name": "Samira",
          "score": 2.0
        },
        {
          "name": "Juliano Floss",
          "score": 1.36
        }
      ],
      "top_hate": [
        {
          "name": "Alberto Cowboy",
          "score": -6.59
        },
        {
          "name": "Jonas Sulzbach",
          "score": -5.62
        },
        {
          "name": "Breno",
          "score": -4.94
        }
      ]
    },
    {
      "name": "Breno",
      "grupo": "Pipoca",
      "cluster": 1,
      "avg_received": -2.0568,
      "std_received": 3.4268,
      "contradictions": 2,
      "pos_received": 5.8,
      "top_love": [
        {
          "name": "Samira",
          "score": 1.5
        },
        {
          "name": "Solange Couto",
          "score": 1.2
        },
        {
          "name": "Leandro",
          "score": 1.1
        }
      ],
      "top_hate": [
        {
          "name": "Alberto Cowboy",
          "score": -8.4
        },
        {
          "name": "Jordana",
          "score": -7.85
        },
        {
          "name": "Marciele",
          "score": -4.92
        }
      ]
    },
    {
      "name": "Chaiany",
      "grupo": "Pipoca",
      "cluster": 1,
      "avg_received": -0.8332,
      "std_received": 2.8664,
      "contradictions": 5,
      "pos_received": 9.51,
      "top_love": [
        {
          "name": "Gabriela",
          "score": 3.31
        },
        {
          "name": "Leandro",
          "score": 2.0
        },
        {
          "name": "Breno",
          "score": 1.5
        }
      ],
      "top_hate": [
        {
          "name": "Jordana",
          "score": -6.75
        },
        {
          "name": "Alberto Cowboy",
          "score": -4.75
        },
        {
          "name": "Ana Paula Renault",
          "score": -3.3
        }
      ]
    },
    {
      "name": "Gabriela",
      "grupo": "Pipoca",
      "cluster": 1,
      "avg_received": -1.8251,
      "std_received": 3.1818,
      "contradictions": 8,
      "pos_received": 5.36,
      "top_love": [
        {
          "name": "Chaiany",
          "score": 3.31
        },
        {
          "name": "Jordana",
          "score": 1.1
        },
        {
          "name": "Alberto Cowboy",
          "score": 0.95
        }
      ],
      "top_hate": [
        {
          "name": "Leandro",
          "score": -8.72
        },
        {
          "name": "Solange Couto",
          "score": -6.89
        },
        {
          "name": "Milena",
          "score": -3.17
        }
      ]
    },
    {
      "name": "Jonas Sulzbach",
      "grupo": "Veterano",
      "cluster": 2,
      "avg_received": -3.9527,
      "std_received": 4.9385,
      "contradictions": 1,
      "pos_received": 4.86,
      "top_love": [
        {
          "name": "Alberto Cowboy",
          "score": 3.01
        },
        {
          "name": "Jordana",
          "score": 1.2
        },
        {
          "name": "Solange Couto",
          "score": 0.5
        }
      ],
      "top_hate": [
        {
          "name": "Milena",
          "score": -13.89
        },
        {
          "name": "Juliano Floss",
          "score": -10.44
        },
        {
          "name": "Leandro",
          "score": -8.3
        }
      ]
    },
    {
      "name": "Jordana",
      "grupo": "Pipoca",
      "cluster": 2,
      "avg_received": -4.5423,
      "std_received": 4.8509,
      "contradictions": 5,
      "pos_received": 5.6,
      "top_love": [
        {
          "name": "Alberto Cowboy",
          "score": 1.65
        },
        {
          "name": "Marciele",
          "score": 1.5
        },
        {
          "name": "Gabriela",
          "score": 1.25
        }
      ],
      "top_hate": [
        {
          "name": "Chaiany",
          "score": -13.29
        },
        {
          "name": "Breno",
          "score": -10.24
        },
        {
          "name": "Leandro",
          "score": -8.62
        }
      ]
    },
    {
      "name": "Juliano Floss",
      "grupo": "Camarote",
      "cluster": 1,
      "avg_received": -2.3671,
      "std_received": 4.0655,
      "contradictions": 3,
      "pos_received": 6.78,
      "top_love": [
        {
          "name": "Breno",
          "score": 1.49
        },
        {
          "name": "Leandro",
          "score": 1.3
        },
        {
          "name": "Chaiany",
          "score": 1.1
        }
      ],
      "top_hate": [
        {
          "name": "Marciele",
          "score": -9.2
        },
        {
          "name": "Alberto Cowboy",
          "score": -7.72
        },
        {
          "name": "Gabriela",
          "score": -7.21
        }
      ]
    },
    {
      "name": "Leandro",
      "grupo": "Pipoca",
      "cluster": 1,
      "avg_received": -3.4134,
      "std_received": 4.2383,
      "contradictions": 0,
      "pos_received": 4.9,
      "top_love": [
        {
          "name": "Solange Couto",
          "score": 1.3
        },
        {
          "name": "Breno",
          "score": 1.2
        },
        {
          "name": "Chaiany",
          "score": 1.2
        }
      ],
      "top_hate": [
        {
          "name": "Alberto Cowboy",
          "score": -10.41
        },
        {
          "name": "Gabriela",
          "score": -8.27
        },
        {
          "name": "Jonas Sulzbach",
          "score": -8.05
        }
      ]
    },
    {
      "name": "Marciele",
      "grupo": "Pipoca",
      "cluster": 2,
      "avg_received": -3.0518,
      "std_received": 3.7028,
      "contradictions": 5,
      "pos_received": 5.07,
      "top_love": [
        {
          "name": "Alberto Cowboy",
          "score": 1.55
        },
        {
          "name": "Jonas Sulzbach",
          "score": 1.44
        },
        {
          "name": "Jordana",
          "score": 1.38
        }
      ],
      "top_hate": [
        {
          "name": "Juliano Floss",
          "score": -10.5
        },
        {
          "name": "Breno",
          "score": -6.92
        },
        {
          "name": "Leandro",
          "score": -5.97
        }
      ]
    },
    {
      "name": "Milena",
      "grupo": "Pipoca",
      "cluster": 1,
      "avg_received": -2.615,
      "std_received": 5.3491,
      "contradictions": 1,
      "pos_received": 7.832,
      "top_love": [
        {
          "name": "Ana Paula Renault",
          "score": 2.2
        },
        {
          "name": "Juliano Floss",
          "score": 2.12
        },
        {
          "name": "Samira",
          "score": 1.92
        }
      ],
      "top_hate": [
        {
          "name": "Jonas Sulzbach",
          "score": -14.39
        },
        {
          "name": "Alberto Cowboy",
          "score": -12.99
        },
        {
          "name": "Gabriela",
          "score": -3.86
        }
      ]
    },
    {
      "name": "Samira",
      "grupo": "Pipoca",
      "cluster": 1,
      "avg_received": -1.6947,
      "std_received": 2.4049,
      "contradictions": 5,
      "pos_received": 3.38,
      "top_love": [
        {
          "name": "Breno",
          "score": 1.85
        },
        {
          "name": "Ana Paula Renault",
          "score": 0.84
        },
        {
          "name": "Milena",
          "score": 0.69
        }
      ],
      "top_hate": [
        {
          "name": "Jordana",
          "score": -5.79
        },
        {
          "name": "Marciele",
          "score": -5.13
        },
        {
          "name": "Jonas Sulzbach",
          "score": -3.46
        }
      ]
    },
    {
      "name": "Solange Couto",
      "grupo": "Camarote",
      "cluster": 1,
      "avg_received": -2.8105,
      "std_received": 3.444,
      "contradictions": 9,
      "pos_received": 4.05,
      "top_love": [
        {
          "name": "Leandro",
          "score": 1.2
        },
        {
          "name": "Chaiany",
          "score": 1.13
        },
        {
          "name": "Breno",
          "score": 1.0
        }
      ],
      "top_hate": [
        {
          "name": "Jordana",
          "score": -8.79
        },
        {
          "name": "Gabriela",
          "score": -6.5
        },
        {
          "name": "Ana Paula Renault",
          "score": -6.5
        }
      ]
    }
  ],
  "score_matrix_ordered": [
    [
      0.0,
      1.25,
      1.1,
      -0.702,
      0.45,
      1.6,
      -3.445,
      0.915,
      3.31,
      -3.4325,
      -2.285,
      -10.0205,
      -2.7462
    ],
    [
      1.25,
      0.0,
      1.245,
      -0.01,
      1.675,
      1.15,
      -4.278,
      1.1,
      -0.625,
      -9.538,
      -3.45,
      -9.043,
      -5.92
    ],
    [
      1.1,
      1.245,
      0.0,
      1.543,
      -1.563,
      1.25,
      1.088,
      0.91,
      -4.5975,
      -7.6562,
      -8.771,
      -3.335,
      -9.85
    ],
    [
      -0.702,
      -0.01,
      1.543,
      0.0,
      1.305,
      0.263,
      2.755,
      -2.8325,
      -3.517,
      -12.183,
      -14.141,
      -5.0875,
      -2.525
    ],
    [
      0.45,
      1.675,
      -1.563,
      1.305,
      0.0,
      -1.34,
      1.42,
      -3.9175,
      -0.875,
      -4.4025,
      -4.403,
      -6.233,
      -4.305
    ],
    [
      1.6,
      1.15,
      1.25,
      0.263,
      -1.34,
      0.0,
      -3.1175,
      1.25,
      -8.493,
      -11.643,
      -8.1755,
      -7.988,
      -6.098
    ],
    [
      -3.445,
      -4.278,
      1.088,
      2.755,
      1.42,
      -3.1175,
      0.0,
      -5.358,
      -2.0445,
      -7.182,
      -6.375,
      -3.3525,
      -4.73
    ],
    [
      0.915,
      1.1,
      0.91,
      -2.8325,
      -3.9175,
      1.25,
      -5.358,
      0.0,
      -6.6975,
      -1.83,
      -0.37,
      -7.2725,
      -4.115
    ],
    [
      3.31,
      -0.625,
      -4.5975,
      -3.517,
      -0.875,
      -8.493,
      -2.0445,
      -6.6975,
      0.0,
      -0.245,
      -1.3425,
      1.175,
      -0.19
    ],
    [
      -3.4325,
      -9.538,
      -7.6562,
      -12.183,
      -4.4025,
      -11.643,
      -7.182,
      -1.83,
      -0.245,
      0.0,
      2.68,
      1.475,
      1.425
    ],
    [
      -2.285,
      -3.45,
      -8.771,
      -14.141,
      -4.403,
      -8.1755,
      -6.375,
      -0.37,
      -1.3425,
      2.68,
      0.0,
      1.2,
      0.795
    ],
    [
      -10.0205,
      -9.043,
      -3.335,
      -5.0875,
      -6.233,
      -7.988,
      -3.3525,
      -7.2725,
      1.175,
      1.475,
      1.2,
      0.0,
      1.44
    ],
    [
      -2.7462,
      -5.92,
      -9.85,
      -2.525,
      -4.305,
      -6.098,
      -4.73,
      -4.115,
      -0.19,
      1.425,
      0.795,
      1.44,
      0.0
    ]
  ],
  "vote_matrix_ordered": [
    [
      0.0,
      0.75,
      0.625,
      0.625,
      0.2857,
      0.75,
      0.4286,
      0.5,
      0.0,
      0.0,
      0.0,
      0.0,
      0.0
    ],
    [
      0.75,
      0.0,
      0.75,
      0.875,
      0.5714,
      0.875,
      0.7143,
      0.75,
      0.125,
      0.0,
      0.3333,
      0.0,
      0.0
    ],
    [
      0.625,
      0.75,
      0.0,
      0.625,
      0.5714,
      0.75,
      0.7143,
      0.5,
      0.0,
      0.0,
      0.0,
      0.0,
      0.0
    ],
    [
      0.625,
      0.875,
      0.625,
      0.0,
      0.5714,
      0.75,
      0.8571,
      0.625,
      0.125,
      0.0,
      0.3333,
      0.0,
      0.0
    ],
    [
      0.2857,
      0.5714,
      0.5714,
      0.5714,
      0.0,
      0.4286,
      0.8333,
      0.5714,
      0.2857,
      0.25,
      1.0,
      0.1429,
      0.2857
    ],
    [
      0.75,
      0.875,
      0.75,
      0.75,
      0.4286,
      0.0,
      0.5714,
      0.625,
      0.0,
      0.0,
      0.0,
      0.0,
      0.0
    ],
    [
      0.4286,
      0.7143,
      0.7143,
      0.8571,
      0.8333,
      0.5714,
      0.0,
      0.5714,
      0.1429,
      0.0,
      0.3333,
      0.0,
      0.0
    ],
    [
      0.5,
      0.75,
      0.5,
      0.625,
      0.5714,
      0.625,
      0.5714,
      0.0,
      0.125,
      0.0,
      0.3333,
      0.0,
      0.0
    ],
    [
      0.0,
      0.125,
      0.0,
      0.125,
      0.2857,
      0.0,
      0.1429,
      0.125,
      0.0,
      0.8,
      1.0,
      0.5,
      0.5
    ],
    [
      0.0,
      0.0,
      0.0,
      0.0,
      0.25,
      0.0,
      0.0,
      0.0,
      0.8,
      0.0,
      1.0,
      0.8,
      0.8
    ],
    [
      0.0,
      0.3333,
      0.0,
      0.3333,
      1.0,
      0.0,
      0.3333,
      0.3333,
      1.0,
      1.0,
      0.0,
      0.6667,
      0.6667
    ],
    [
      0.0,
      0.0,
      0.0,
      0.0,
      0.1429,
      0.0,
      0.0,
      0.0,
      0.5,
      0.8,
      0.6667,
      0.0,
      0.75
    ],
    [
      0.0,
      0.0,
      0.0,
      0.0,
      0.2857,
      0.0,
      0.0,
      0.0,
      0.5,
      0.8,
      0.6667,
      0.75,
      0.0
    ]
  ]
}