{
  "_metadata": {
    "generated_at": "2026-03-03T17:39:51.598230+00:00",
    "date": "2026-03-03",
    "week": 7,
    "reference_date": "2026-03-03",
    "n_active": 14,
    "n_clusters": 2,
    "n_paredoes": 6,
    "n_contradictions": 36,
    "n_tensions": 1,
    "silhouette_coefficient": 0.4119,
    "resolution_used": 0.5,
    "best_cohesion": {
      "label": 2,
      "name": "Aliança Grupo Misto",
      "score": 1.6592
    },
    "worst_rivalry": {
      "key": "1<>2",
      "score": -3.5861,
      "text": "Frente Grupo Misto vs Aliança Grupo Misto"
    }
  },
  "active_names": [
    "Alberto Cowboy",
    "Ana Paula Renault",
    "Babu Santana",
    "Breno",
    "Chaiany",
    "Gabriela",
    "Jonas Sulzbach",
    "Jordana",
    "Juliano Floss",
    "Leandro",
    "Marciele",
    "Milena",
    "Samira",
    "Solange Couto"
  ],
  "cluster_order": [
    "Chaiany",
    "Juliano Floss",
    "Breno",
    "Leandro",
    "Solange Couto",
    "Babu Santana",
    "Samira",
    "Milena",
    "Ana Paula Renault",
    "Gabriela",
    "Alberto Cowboy",
    "Jonas Sulzbach",
    "Marciele",
    "Jordana"
  ],
  "communities": [
    {
      "label": 1,
      "name": "Frente Grupo Misto",
      "color": "#e74c3c",
      "members": [
        "Ana Paula Renault",
        "Babu Santana",
        "Breno",
        "Chaiany",
        "Gabriela",
        "Juliano Floss",
        "Leandro",
        "Milena",
        "Samira",
        "Solange Couto"
      ],
      "group_composition": {
        "Pipoca": 6,
        "Veterano": 2,
        "Camarote": 2
      },
      "cohesion": -0.218,
      "best_external": {
        "label": 2,
        "name": "Aliança Grupo Misto",
        "score": -3.5861
      },
      "worst_external": {
        "label": 2,
        "name": "Aliança Grupo Misto",
        "score": -3.5861
      }
    },
    {
      "label": 2,
      "name": "Aliança Grupo Misto",
      "color": "#3498db",
      "members": [
        "Alberto Cowboy",
        "Jonas Sulzbach",
        "Jordana",
        "Marciele"
      ],
      "group_composition": {
        "Veterano": 2,
        "Pipoca": 2
      },
      "cohesion": 1.6592,
      "best_external": {
        "label": 1,
        "name": "Frente Grupo Misto",
        "score": -3.5861
      },
      "worst_external": {
        "label": 1,
        "name": "Frente Grupo Misto",
        "score": -3.5861
      }
    }
  ],
  "inter_cluster": [
    {
      "cluster_a": 1,
      "cluster_b": 2,
      "name_a": "Frente Grupo Misto",
      "name_b": "Aliança Grupo Misto",
      "score_sym": -3.5861,
      "score_a_to_b": -3.8989,
      "score_b_to_a": -3.2733,
      "vote_alignment": 0.1625
    }
  ],
  "polarization": [
    {
      "name": "Alberto Cowboy",
      "grupo": "Veterano",
      "cluster": 2,
      "avg_received": -3.6767,
      "std_received": 4.0602,
      "contradictions": 3,
      "pos_received": 4.95,
      "top_love": [
        {
          "name": "Jonas Sulzbach",
          "score": 2.35
        },
        {
          "name": "Jordana",
          "score": 1.3
        },
        {
          "name": "Marciele",
          "score": 1.3
        }
      ],
      "top_hate": [
        {
          "name": "Leandro",
          "score": -11.28
        },
        {
          "name": "Breno",
          "score": -8.76
        },
        {
          "name": "Milena",
          "score": -7.76
        }
      ]
    },
    {
      "name": "Ana Paula Renault",
      "grupo": "Veterano",
      "cluster": 1,
      "avg_received": -1.0525,
      "std_received": 1.8823,
      "contradictions": 0,
      "pos_received": 5.207,
      "top_love": [
        {
          "name": "Milena",
          "score": 2.2
        },
        {
          "name": "Samira",
          "score": 1.42
        },
        {
          "name": "Juliano Floss",
          "score": 1.36
        }
      ],
      "top_hate": [
        {
          "name": "Alberto Cowboy",
          "score": -4.56
        },
        {
          "name": "Jonas Sulzbach",
          "score": -3.15
        },
        {
          "name": "Babu Santana",
          "score": -2.52
        }
      ]
    },
    {
      "name": "Babu Santana",
      "grupo": "Veterano",
      "cluster": 1,
      "avg_received": -1.2303,
      "std_received": 2.8905,
      "contradictions": 0,
      "pos_received": 8.72,
      "top_love": [
        {
          "name": "Solange Couto",
          "score": 2.2
        },
        {
          "name": "Juliano Floss",
          "score": 2.02
        },
        {
          "name": "Leandro",
          "score": 1.7
        }
      ],
      "top_hate": [
        {
          "name": "Jonas Sulzbach",
          "score": -6.64
        },
        {
          "name": "Gabriela",
          "score": -4.98
        },
        {
          "name": "Ana Paula Renault",
          "score": -4.66
        }
      ]
    },
    {
      "name": "Breno",
      "grupo": "Pipoca",
      "cluster": 1,
      "avg_received": -1.7591,
      "std_received": 3.0246,
      "contradictions": 2,
      "pos_received": 4.8225,
      "top_love": [
        {
          "name": "Leandro",
          "score": 1.1
        },
        {
          "name": "Chaiany",
          "score": 1.0
        },
        {
          "name": "Juliano Floss",
          "score": 1.0
        }
      ],
      "top_hate": [
        {
          "name": "Jordana",
          "score": -7.94
        },
        {
          "name": "Alberto Cowboy",
          "score": -7.17
        },
        {
          "name": "Marciele",
          "score": -4.51
        }
      ]
    },
    {
      "name": "Chaiany",
      "grupo": "Pipoca",
      "cluster": 1,
      "avg_received": -0.0002,
      "std_received": 1.9067,
      "contradictions": 6,
      "pos_received": 10.74,
      "top_love": [
        {
          "name": "Gabriela",
          "score": 3.31
        },
        {
          "name": "Leandro",
          "score": 2.0
        },
        {
          "name": "Breno",
          "score": 1.5
        }
      ],
      "top_hate": [
        {
          "name": "Alberto Cowboy",
          "score": -3.47
        },
        {
          "name": "Milena",
          "score": -2.72
        },
        {
          "name": "Ana Paula Renault",
          "score": -1.72
        }
      ]
    },
    {
      "name": "Gabriela",
      "grupo": "Pipoca",
      "cluster": 1,
      "avg_received": -0.8838,
      "std_received": 2.1282,
      "contradictions": 9,
      "pos_received": 7.24,
      "top_love": [
        {
          "name": "Chaiany",
          "score": 3.31
        },
        {
          "name": "Jonas Sulzbach",
          "score": 1.3
        },
        {
          "name": "Jordana",
          "score": 0.92
        }
      ],
      "top_hate": [
        {
          "name": "Leandro",
          "score": -3.9
        },
        {
          "name": "Babu Santana",
          "score": -3.9
        },
        {
          "name": "Solange Couto",
          "score": -2.84
        }
      ]
    },
    {
      "name": "Jonas Sulzbach",
      "grupo": "Veterano",
      "cluster": 2,
      "avg_received": -2.044,
      "std_received": 3.4405,
      "contradictions": 0,
      "pos_received": 6.93,
      "top_love": [
        {
          "name": "Alberto Cowboy",
          "score": 3.01
        },
        {
          "name": "Gabriela",
          "score": 1.2
        },
        {
          "name": "Jordana",
          "score": 1.2
        }
      ],
      "top_hate": [
        {
          "name": "Babu Santana",
          "score": -8.78
        },
        {
          "name": "Milena",
          "score": -5.96
        },
        {
          "name": "Juliano Floss",
          "score": -5.55
        }
      ]
    },
    {
      "name": "Jordana",
      "grupo": "Pipoca",
      "cluster": 2,
      "avg_received": -3.1382,
      "std_received": 3.2889,
      "contradictions": 5,
      "pos_received": 5.42,
      "top_love": [
        {
          "name": "Alberto Cowboy",
          "score": 1.65
        },
        {
          "name": "Marciele",
          "score": 1.5
        },
        {
          "name": "Jonas Sulzbach",
          "score": 1.2
        }
      ],
      "top_hate": [
        {
          "name": "Samira",
          "score": -8.05
        },
        {
          "name": "Breno",
          "score": -7.26
        },
        {
          "name": "Milena",
          "score": -5.56
        }
      ]
    },
    {
      "name": "Juliano Floss",
      "grupo": "Camarote",
      "cluster": 1,
      "avg_received": -1.2961,
      "std_received": 3.0309,
      "contradictions": 2,
      "pos_received": 7.58,
      "top_love": [
        {
          "name": "Babu Santana",
          "score": 1.4
        },
        {
          "name": "Leandro",
          "score": 1.3
        },
        {
          "name": "Breno",
          "score": 1.1
        }
      ],
      "top_hate": [
        {
          "name": "Marciele",
          "score": -8.08
        },
        {
          "name": "Alberto Cowboy",
          "score": -5.8
        },
        {
          "name": "Jonas Sulzbach",
          "score": -3.88
        }
      ]
    },
    {
      "name": "Leandro",
      "grupo": "Pipoca",
      "cluster": 1,
      "avg_received": -1.7577,
      "std_received": 3.2443,
      "contradictions": 0,
      "pos_received": 6.4,
      "top_love": [
        {
          "name": "Babu Santana",
          "score": 1.5
        },
        {
          "name": "Solange Couto",
          "score": 1.3
        },
        {
          "name": "Breno",
          "score": 1.2
        }
      ],
      "top_hate": [
        {
          "name": "Alberto Cowboy",
          "score": -10.22
        },
        {
          "name": "Gabriela",
          "score": -4.3
        },
        {
          "name": "Jordana",
          "score": -4.15
        }
      ]
    },
    {
      "name": "Marciele",
      "grupo": "Pipoca",
      "cluster": 2,
      "avg_received": -1.6062,
      "std_received": 2.278,
      "contradictions": 2,
      "pos_received": 5.9,
      "top_love": [
        {
          "name": "Jordana",
          "score": 2.0
        },
        {
          "name": "Jonas Sulzbach",
          "score": 1.65
        },
        {
          "name": "Alberto Cowboy",
          "score": 1.55
        }
      ],
      "top_hate": [
        {
          "name": "Juliano Floss",
          "score": -5.44
        },
        {
          "name": "Breno",
          "score": -3.94
        },
        {
          "name": "Chaiany",
          "score": -3.15
        }
      ]
    },
    {
      "name": "Milena",
      "grupo": "Pipoca",
      "cluster": 1,
      "avg_received": -1.8179,
      "std_received": 3.3943,
      "contradictions": 0,
      "pos_received": 6.803,
      "top_love": [
        {
          "name": "Ana Paula Renault",
          "score": 2.2
        },
        {
          "name": "Juliano Floss",
          "score": 2.12
        },
        {
          "name": "Samira",
          "score": 1.92
        }
      ],
      "top_hate": [
        {
          "name": "Alberto Cowboy",
          "score": -9.2
        },
        {
          "name": "Jonas Sulzbach",
          "score": -7.86
        },
        {
          "name": "Jordana",
          "score": -3.14
        }
      ]
    },
    {
      "name": "Samira",
      "grupo": "Pipoca",
      "cluster": 1,
      "avg_received": -1.3778,
      "std_received": 1.9989,
      "contradictions": 2,
      "pos_received": 2.39,
      "top_love": [
        {
          "name": "Breno",
          "score": 1.7
        },
        {
          "name": "Milena",
          "score": 0.54
        },
        {
          "name": "Ana Paula Renault",
          "score": 0.15
        }
      ],
      "top_hate": [
        {
          "name": "Jordana",
          "score": -5.94
        },
        {
          "name": "Marciele",
          "score": -4.16
        },
        {
          "name": "Alberto Cowboy",
          "score": -3.0
        }
      ]
    },
    {
      "name": "Solange Couto",
      "grupo": "Camarote",
      "cluster": 1,
      "avg_received": -0.4054,
      "std_received": 1.5674,
      "contradictions": 9,
      "pos_received": 7.02,
      "top_love": [
        {
          "name": "Babu Santana",
          "score": 2.4
        },
        {
          "name": "Chaiany",
          "score": 1.45
        },
        {
          "name": "Leandro",
          "score": 1.2
        }
      ],
      "top_hate": [
        {
          "name": "Jordana",
          "score": -2.54
        },
        {
          "name": "Marciele",
          "score": -2.15
        },
        {
          "name": "Gabriela",
          "score": -1.92
        }
      ]
    }
  ],
  "score_matrix_ordered": [
    [
      0.0,
      0.665,
      1.25,
      1.6,
      1.475,
      1.475,
      0.45,
      -2.317,
      -1.367,
      3.31,
      -1.8075,
      -0.455,
      -1.9263,
      -3.315
    ],
    [
      0.665,
      0.0,
      1.05,
      1.25,
      0.535,
      1.71,
      -1.563,
      1.468,
      1.088,
      -2.3575,
      -5.5762,
      -4.713,
      -6.76,
      -2.6225
    ],
    [
      1.25,
      1.05,
      0.0,
      1.15,
      0.575,
      0.9037,
      1.3075,
      -1.545,
      -1.765,
      0.025,
      -7.963,
      -2.64,
      -4.2275,
      -7.598
    ],
    [
      1.6,
      1.25,
      1.15,
      0.0,
      1.25,
      1.6,
      -1.625,
      -0.2245,
      -0.362,
      -4.1025,
      -10.748,
      -4.42,
      -2.85,
      -4.375
    ],
    [
      1.475,
      0.535,
      0.575,
      1.25,
      0.0,
      2.3,
      -1.61,
      -2.11,
      -0.97,
      -2.38,
      -2.01,
      0.63,
      -1.86,
      -2.78
    ],
    [
      1.475,
      1.71,
      0.9037,
      1.6,
      2.3,
      0.0,
      -0.765,
      -1.812,
      -3.5932,
      -4.4375,
      -2.5125,
      -7.7085,
      -1.92,
      -3.52
    ],
    [
      0.45,
      -1.563,
      1.3075,
      -1.625,
      -1.61,
      -0.765,
      0.0,
      1.23,
      0.7825,
      -0.96,
      -3.9225,
      -1.3325,
      -3.16,
      -6.9955
    ],
    [
      -2.317,
      1.468,
      -1.545,
      -0.2245,
      -2.11,
      -1.812,
      1.23,
      0.0,
      2.2,
      -2.502,
      -8.48,
      -6.91,
      -1.51,
      -4.35
    ],
    [
      -1.367,
      1.088,
      -1.765,
      -0.362,
      -0.97,
      -3.5932,
      0.7825,
      2.2,
      0.0,
      -2.092,
      -5.252,
      -3.667,
      -2.565,
      -3.295
    ],
    [
      3.31,
      -2.3575,
      0.025,
      -4.1025,
      -2.38,
      -4.4375,
      -0.96,
      -2.502,
      -2.092,
      0.0,
      -0.38,
      1.25,
      -0.19,
      0.995
    ],
    [
      -1.8075,
      -5.5762,
      -7.963,
      -10.748,
      -2.01,
      -2.5125,
      -3.9225,
      -8.48,
      -5.252,
      -0.38,
      0.0,
      2.68,
      1.425,
      1.475
    ],
    [
      -0.455,
      -4.713,
      -2.64,
      -4.42,
      0.63,
      -7.7085,
      -1.3325,
      -6.91,
      -3.667,
      1.25,
      2.68,
      0.0,
      1.425,
      1.2
    ],
    [
      -1.9263,
      -6.76,
      -4.2275,
      -2.85,
      -1.86,
      -1.92,
      -3.16,
      -1.51,
      -2.565,
      -0.19,
      1.425,
      1.425,
      0.0,
      1.75
    ],
    [
      -3.315,
      -2.6225,
      -7.598,
      -4.375,
      -2.78,
      -3.52,
      -6.9955,
      -4.35,
      -3.295,
      0.995,
      1.475,
      1.2,
      1.75,
      0.0
    ]
  ],
  "vote_matrix_ordered": [
    [
      0.0,
      0.6667,
      0.6667,
      0.6667,
      0.3333,
      0.6,
      0.3333,
      0.6667,
      0.6,
      0.0,
      0.0,
      0.0,
      0.0,
      0.0
    ],
    [
      0.6667,
      0.0,
      0.8333,
      0.8333,
      0.5,
      1.0,
      0.5,
      0.8333,
      0.8,
      0.0,
      0.0,
      0.0,
      0.0,
      0.0
    ],
    [
      0.6667,
      0.8333,
      0.0,
      0.8333,
      0.6667,
      0.8,
      0.6667,
      1.0,
      1.0,
      0.1667,
      0.0,
      0.5,
      0.0,
      0.0
    ],
    [
      0.6667,
      0.8333,
      0.8333,
      0.0,
      0.5,
      0.8,
      0.5,
      0.8333,
      0.8,
      0.0,
      0.0,
      0.0,
      0.0,
      0.0
    ],
    [
      0.3333,
      0.5,
      0.6667,
      0.5,
      0.0,
      0.6,
      0.6667,
      0.6667,
      0.8,
      0.1667,
      0.0,
      0.5,
      0.0,
      0.0
    ],
    [
      0.6,
      1.0,
      0.8,
      0.8,
      0.6,
      0.0,
      0.6,
      0.8,
      0.8,
      0.0,
      0.0,
      0.0,
      0.0,
      0.0
    ],
    [
      0.3333,
      0.5,
      0.6667,
      0.5,
      0.6667,
      0.6,
      0.0,
      0.6667,
      0.8,
      0.3333,
      0.25,
      1.0,
      0.3333,
      0.1667
    ],
    [
      0.6667,
      0.8333,
      1.0,
      0.8333,
      0.6667,
      0.8,
      0.6667,
      0.0,
      1.0,
      0.1667,
      0.0,
      0.5,
      0.0,
      0.0
    ],
    [
      0.6,
      0.8,
      1.0,
      0.8,
      0.8,
      0.8,
      0.8,
      1.0,
      0.0,
      0.2,
      0.0,
      0.5,
      0.0,
      0.0
    ],
    [
      0.0,
      0.0,
      0.1667,
      0.0,
      0.1667,
      0.0,
      0.3333,
      0.1667,
      0.2,
      0.0,
      0.75,
      1.0,
      0.5,
      0.5
    ],
    [
      0.0,
      0.0,
      0.0,
      0.0,
      0.0,
      0.0,
      0.25,
      0.0,
      0.0,
      0.75,
      0.0,
      1.0,
      0.75,
      0.75
    ],
    [
      0.0,
      0.0,
      0.5,
      0.0,
      0.5,
      0.0,
      1.0,
      0.5,
      0.5,
      1.0,
      1.0,
      0.0,
      0.5,
      0.5
    ],
    [
      0.0,
      0.0,
      0.0,
      0.0,
      0.0,
      0.0,
      0.3333,
      0.0,
      0.0,
      0.5,
      0.75,
      0.5,
      0.0,
      0.6667
    ],
    [
      0.0,
      0.0,
      0.0,
      0.0,
      0.0,
      0.0,
      0.1667,
      0.0,
      0.0,
      0.5,
      0.75,
      0.5,
      0.6667,
      0.0
    ]
  ]
}