{
  "_metadata": {
    "generated_at": "2026-03-22T04:11:20.757534+00:00",
    "date": "2026-03-21",
    "week": 10,
    "reference_date": "2026-03-21",
    "n_active": 12,
    "n_clusters": 2,
    "n_paredoes": 9,
    "n_contradictions": 46,
    "n_tensions": 1,
    "silhouette_coefficient": 0.3706,
    "resolution_used": 0.5,
    "best_cohesion": {
      "label": 2,
      "name": "Aliança Grupo Misto",
      "score": 1.5367
    },
    "worst_rivalry": {
      "key": "1<>2",
      "score": -5.2793,
      "text": "Frente Grupo Misto vs Aliança Grupo Misto"
    }
  },
  "active_names": [
    "Alberto Cowboy",
    "Ana Paula Renault",
    "Chaiany",
    "Gabriela",
    "Jonas Sulzbach",
    "Jordana",
    "Juliano Floss",
    "Leandro",
    "Marciele",
    "Milena",
    "Samira",
    "Solange Couto"
  ],
  "cluster_order": [
    "Chaiany",
    "Juliano Floss",
    "Samira",
    "Milena",
    "Leandro",
    "Ana Paula Renault",
    "Solange Couto",
    "Gabriela",
    "Alberto Cowboy",
    "Jonas Sulzbach",
    "Jordana",
    "Marciele"
  ],
  "communities": [
    {
      "label": 1,
      "name": "Frente Grupo Misto",
      "color": "#e74c3c",
      "members": [
        "Ana Paula Renault",
        "Chaiany",
        "Gabriela",
        "Juliano Floss",
        "Leandro",
        "Milena",
        "Samira",
        "Solange Couto"
      ],
      "group_composition": {
        "Pipoca": 5,
        "Camarote": 2,
        "Veterano": 1
      },
      "cohesion": -1.0719,
      "best_external": {
        "label": 2,
        "name": "Aliança Grupo Misto",
        "score": -5.2793
      },
      "worst_external": {
        "label": 2,
        "name": "Aliança Grupo Misto",
        "score": -5.2793
      }
    },
    {
      "label": 2,
      "name": "Aliança Grupo Misto",
      "color": "#3498db",
      "members": [
        "Alberto Cowboy",
        "Jonas Sulzbach",
        "Jordana",
        "Marciele"
      ],
      "group_composition": {
        "Veterano": 2,
        "Pipoca": 2
      },
      "cohesion": 1.5367,
      "best_external": {
        "label": 1,
        "name": "Frente Grupo Misto",
        "score": -5.2793
      },
      "worst_external": {
        "label": 1,
        "name": "Frente Grupo Misto",
        "score": -5.2793
      }
    }
  ],
  "inter_cluster": [
    {
      "cluster_a": 1,
      "cluster_b": 2,
      "name_a": "Frente Grupo Misto",
      "name_b": "Aliança Grupo Misto",
      "score_sym": -5.2793,
      "score_a_to_b": -5.7047,
      "score_b_to_a": -4.854,
      "vote_alignment": 0.1886
    }
  ],
  "polarization": [
    {
      "name": "Alberto Cowboy",
      "grupo": "Veterano",
      "cluster": 2,
      "avg_received": -4.2071,
      "std_received": 5.1857,
      "contradictions": 3,
      "pos_received": 4.95,
      "top_love": [
        {
          "name": "Jonas Sulzbach",
          "score": 2.35
        },
        {
          "name": "Jordana",
          "score": 1.3
        },
        {
          "name": "Marciele",
          "score": 1.3
        }
      ],
      "top_hate": [
        {
          "name": "Leandro",
          "score": -14.32
        },
        {
          "name": "Milena",
          "score": -11.37
        },
        {
          "name": "Ana Paula Renault",
          "score": -7.86
        }
      ]
    },
    {
      "name": "Ana Paula Renault",
      "grupo": "Veterano",
      "cluster": 1,
      "avg_received": -2.3141,
      "std_received": 3.1398,
      "contradictions": 0,
      "pos_received": 6.666,
      "top_love": [
        {
          "name": "Milena",
          "score": 3.31
        },
        {
          "name": "Samira",
          "score": 2.0
        },
        {
          "name": "Juliano Floss",
          "score": 1.36
        }
      ],
      "top_hate": [
        {
          "name": "Alberto Cowboy",
          "score": -7.19
        },
        {
          "name": "Jonas Sulzbach",
          "score": -5.62
        },
        {
          "name": "Solange Couto",
          "score": -4.49
        }
      ]
    },
    {
      "name": "Chaiany",
      "grupo": "Pipoca",
      "cluster": 1,
      "avg_received": -1.0517,
      "std_received": 2.7808,
      "contradictions": 5,
      "pos_received": 7.46,
      "top_love": [
        {
          "name": "Gabriela",
          "score": 3.31
        },
        {
          "name": "Leandro",
          "score": 2.0
        },
        {
          "name": "Samira",
          "score": 0.9
        }
      ],
      "top_hate": [
        {
          "name": "Jordana",
          "score": -6.18
        },
        {
          "name": "Alberto Cowboy",
          "score": -4.82
        },
        {
          "name": "Ana Paula Renault",
          "score": -3.39
        }
      ]
    },
    {
      "name": "Gabriela",
      "grupo": "Pipoca",
      "cluster": 1,
      "avg_received": -2.0146,
      "std_received": 3.1813,
      "contradictions": 5,
      "pos_received": 4.67,
      "top_love": [
        {
          "name": "Chaiany",
          "score": 3.31
        },
        {
          "name": "Alberto Cowboy",
          "score": 0.95
        },
        {
          "name": "Jordana",
          "score": 0.41
        }
      ],
      "top_hate": [
        {
          "name": "Leandro",
          "score": -8.72
        },
        {
          "name": "Solange Couto",
          "score": -6.53
        },
        {
          "name": "Milena",
          "score": -3.29
        }
      ]
    },
    {
      "name": "Jonas Sulzbach",
      "grupo": "Veterano",
      "cluster": 2,
      "avg_received": -4.1325,
      "std_received": 5.1243,
      "contradictions": 1,
      "pos_received": 4.54,
      "top_love": [
        {
          "name": "Alberto Cowboy",
          "score": 3.01
        },
        {
          "name": "Jordana",
          "score": 1.2
        },
        {
          "name": "Marciele",
          "score": 0.33
        }
      ],
      "top_hate": [
        {
          "name": "Milena",
          "score": -13.89
        },
        {
          "name": "Juliano Floss",
          "score": -9.91
        },
        {
          "name": "Leandro",
          "score": -9.74
        }
      ]
    },
    {
      "name": "Jordana",
      "grupo": "Pipoca",
      "cluster": 2,
      "avg_received": -4.0325,
      "std_received": 4.5286,
      "contradictions": 10,
      "pos_received": 3.695,
      "top_love": [
        {
          "name": "Alberto Cowboy",
          "score": 1.65
        },
        {
          "name": "Jonas Sulzbach",
          "score": 1.2
        },
        {
          "name": "Marciele",
          "score": 0.81
        }
      ],
      "top_hate": [
        {
          "name": "Chaiany",
          "score": -13.62
        },
        {
          "name": "Leandro",
          "score": -7.54
        },
        {
          "name": "Milena",
          "score": -7.53
        }
      ]
    },
    {
      "name": "Juliano Floss",
      "grupo": "Camarote",
      "cluster": 1,
      "avg_received": -2.7678,
      "std_received": 4.1268,
      "contradictions": 1,
      "pos_received": 4.72,
      "top_love": [
        {
          "name": "Leandro",
          "score": 1.3
        },
        {
          "name": "Solange Couto",
          "score": 1.1
        },
        {
          "name": "Milena",
          "score": 0.97
        }
      ],
      "top_hate": [
        {
          "name": "Marciele",
          "score": -9.2
        },
        {
          "name": "Gabriela",
          "score": -8.02
        },
        {
          "name": "Alberto Cowboy",
          "score": -7.86
        }
      ]
    },
    {
      "name": "Leandro",
      "grupo": "Pipoca",
      "cluster": 1,
      "avg_received": -3.681,
      "std_received": 4.1063,
      "contradictions": 4,
      "pos_received": 3.7,
      "top_love": [
        {
          "name": "Solange Couto",
          "score": 1.3
        },
        {
          "name": "Chaiany",
          "score": 1.2
        },
        {
          "name": "Juliano Floss",
          "score": 1.2
        }
      ],
      "top_hate": [
        {
          "name": "Alberto Cowboy",
          "score": -10.74
        },
        {
          "name": "Jonas Sulzbach",
          "score": -8.05
        },
        {
          "name": "Gabriela",
          "score": -7.99
        }
      ]
    },
    {
      "name": "Marciele",
      "grupo": "Pipoca",
      "cluster": 2,
      "avg_received": -2.5469,
      "std_received": 3.7892,
      "contradictions": 8,
      "pos_received": 5.99,
      "top_love": [
        {
          "name": "Jordana",
          "score": 2.18
        },
        {
          "name": "Jonas Sulzbach",
          "score": 1.56
        },
        {
          "name": "Alberto Cowboy",
          "score": 1.55
        }
      ],
      "top_hate": [
        {
          "name": "Juliano Floss",
          "score": -10.56
        },
        {
          "name": "Leandro",
          "score": -5.97
        },
        {
          "name": "Ana Paula Renault",
          "score": -5.88
        }
      ]
    },
    {
      "name": "Milena",
      "grupo": "Pipoca",
      "cluster": 1,
      "avg_received": -3.0409,
      "std_received": 5.495,
      "contradictions": 0,
      "pos_received": 7.032,
      "top_love": [
        {
          "name": "Ana Paula Renault",
          "score": 2.2
        },
        {
          "name": "Juliano Floss",
          "score": 2.12
        },
        {
          "name": "Samira",
          "score": 1.92
        }
      ],
      "top_hate": [
        {
          "name": "Jonas Sulzbach",
          "score": -14.42
        },
        {
          "name": "Alberto Cowboy",
          "score": -13.11
        },
        {
          "name": "Gabriela",
          "score": -3.86
        }
      ]
    },
    {
      "name": "Samira",
      "grupo": "Pipoca",
      "cluster": 1,
      "avg_received": -1.6802,
      "std_received": 2.0921,
      "contradictions": 9,
      "pos_received": 2.32,
      "top_love": [
        {
          "name": "Ana Paula Renault",
          "score": 0.84
        },
        {
          "name": "Leandro",
          "score": 0.75
        },
        {
          "name": "Milena",
          "score": 0.69
        }
      ],
      "top_hate": [
        {
          "name": "Jordana",
          "score": -4.74
        },
        {
          "name": "Marciele",
          "score": -4.62
        },
        {
          "name": "Jonas Sulzbach",
          "score": -3.43
        }
      ]
    },
    {
      "name": "Solange Couto",
      "grupo": "Camarote",
      "cluster": 1,
      "avg_received": -3.0274,
      "std_received": 3.2238,
      "contradictions": 12,
      "pos_received": 2.81,
      "top_love": [
        {
          "name": "Leandro",
          "score": 1.2
        },
        {
          "name": "Chaiany",
          "score": 1.13
        },
        {
          "name": "Juliano Floss",
          "score": 0.48
        }
      ],
      "top_hate": [
        {
          "name": "Jordana",
          "score": -8.71
        },
        {
          "name": "Ana Paula Renault",
          "score": -6.5
        },
        {
          "name": "Gabriela",
          "score": -6.36
        }
      ]
    }
  ],
  "score_matrix_ordered": [
    [
      0.0,
      0.54,
      0.45,
      -1.5795,
      1.6,
      -3.73,
      0.915,
      3.31,
      -3.5225,
      -1.97,
      -9.898,
      -2.0562
    ],
    [
      0.54,
      0.0,
      -1.563,
      1.543,
      1.25,
      1.088,
      0.79,
      -4.9425,
      -7.6212,
      -8.506,
      -2.6,
      -9.88
    ],
    [
      0.45,
      -1.563,
      0.0,
      1.305,
      -0.275,
      1.42,
      -3.175,
      -0.815,
      -3.345,
      -4.013,
      -5.648,
      -4.23
    ],
    [
      -1.5795,
      1.543,
      1.305,
      0.0,
      -0.0545,
      2.755,
      -3.09,
      -3.577,
      -12.243,
      -14.156,
      -5.26,
      -2.525
    ],
    [
      1.6,
      1.25,
      -0.275,
      -0.0545,
      0.0,
      -3.065,
      1.25,
      -8.3505,
      -12.528,
      -8.8955,
      -6.963,
      -5.873
    ],
    [
      -3.73,
      1.088,
      1.42,
      2.755,
      -3.065,
      0.0,
      -5.493,
      -2.0745,
      -7.527,
      -6.3,
      -3.39,
      -4.685
    ],
    [
      0.915,
      0.79,
      -3.175,
      -3.09,
      1.25,
      -5.493,
      0.0,
      -6.445,
      -1.83,
      -1.22,
      -7.025,
      -3.4925
    ],
    [
      3.31,
      -4.9425,
      -0.815,
      -3.577,
      -8.3505,
      -2.0745,
      -6.445,
      0.0,
      -0.245,
      -1.5225,
      0.2225,
      -0.19
    ],
    [
      -3.5225,
      -7.6212,
      -3.345,
      -12.243,
      -12.528,
      -7.527,
      -1.83,
      -0.245,
      0.0,
      2.68,
      1.475,
      1.425
    ],
    [
      -1.97,
      -8.506,
      -4.013,
      -14.156,
      -8.8955,
      -6.3,
      -1.22,
      -1.5225,
      2.68,
      0.0,
      1.2,
      0.945
    ],
    [
      -9.898,
      -2.6,
      -5.648,
      -5.26,
      -6.963,
      -3.39,
      -7.025,
      0.2225,
      1.475,
      1.2,
      0.0,
      1.495
    ],
    [
      -2.0562,
      -9.88,
      -4.23,
      -2.525,
      -5.873,
      -4.685,
      -3.4925,
      -0.19,
      1.425,
      0.945,
      1.495,
      0.0
    ]
  ],
  "vote_matrix_ordered": [
    [
      0.0,
      0.5556,
      0.25,
      0.5556,
      0.6667,
      0.375,
      0.4444,
      0.0,
      0.0,
      0.0,
      0.0,
      0.0
    ],
    [
      0.5556,
      0.0,
      0.5,
      0.6667,
      0.6667,
      0.625,
      0.4444,
      0.0,
      0.0,
      0.0,
      0.0,
      0.0
    ],
    [
      0.25,
      0.5,
      0.0,
      0.5,
      0.375,
      0.8571,
      0.5,
      0.375,
      0.25,
      1.0,
      0.25,
      0.375
    ],
    [
      0.5556,
      0.6667,
      0.5,
      0.0,
      0.6667,
      0.75,
      0.5556,
      0.1111,
      0.0,
      0.25,
      0.0,
      0.0
    ],
    [
      0.6667,
      0.6667,
      0.375,
      0.6667,
      0.0,
      0.5,
      0.6667,
      0.0,
      0.0,
      0.0,
      0.0,
      0.0
    ],
    [
      0.375,
      0.625,
      0.8571,
      0.75,
      0.5,
      0.0,
      0.5,
      0.25,
      0.0,
      0.5,
      0.125,
      0.125
    ],
    [
      0.4444,
      0.4444,
      0.5,
      0.5556,
      0.6667,
      0.5,
      0.0,
      0.1111,
      0.0,
      0.25,
      0.0,
      0.0
    ],
    [
      0.0,
      0.0,
      0.375,
      0.1111,
      0.0,
      0.25,
      0.1111,
      0.0,
      0.8,
      1.0,
      0.5556,
      0.5556
    ],
    [
      0.0,
      0.0,
      0.25,
      0.0,
      0.0,
      0.0,
      0.0,
      0.8,
      0.0,
      1.0,
      0.8,
      0.8
    ],
    [
      0.0,
      0.0,
      1.0,
      0.25,
      0.0,
      0.5,
      0.25,
      1.0,
      1.0,
      0.0,
      0.75,
      0.75
    ],
    [
      0.0,
      0.0,
      0.25,
      0.0,
      0.0,
      0.125,
      0.0,
      0.5556,
      0.8,
      0.75,
      0.0,
      0.7778
    ],
    [
      0.0,
      0.0,
      0.375,
      0.0,
      0.0,
      0.125,
      0.0,
      0.5556,
      0.8,
      0.75,
      0.7778,
      0.0
    ]
  ]
}