{
  "_metadata": {
    "generated_at": "2026-02-08T00:19:30.878766+00:00",
    "date": "2026-02-07",
    "week": 4,
    "reference_date": "2026-02-07",
    "n_active": 19,
    "n_clusters": 2,
    "n_paredoes": 3,
    "n_contradictions": 21,
    "n_tensions": 1,
    "silhouette_coefficient": 0.2832,
    "resolution_used": 0.5,
    "best_cohesion": {
      "label": 2,
      "name": "Grupo Misto A",
      "score": 0.8357
    },
    "worst_rivalry": {
      "key": "1<>2",
      "score": -1.1662,
      "text": "Grupo Misto vs Grupo Misto A"
    }
  },
  "active_names": [
    "Alberto Cowboy",
    "Ana Paula Renault",
    "Babu Santana",
    "Breno",
    "Chaiany",
    "Edilson",
    "Gabriela",
    "Jonas Sulzbach",
    "Jordana",
    "Juliano Floss",
    "Leandro",
    "Marcelo",
    "Marciele",
    "Maxiane",
    "Milena",
    "Samira",
    "Sarah Andrade",
    "Sol Vega",
    "Solange Couto"
  ],
  "cluster_order": [
    "Sarah Andrade",
    "Alberto Cowboy",
    "Maxiane",
    "Breno",
    "Marciele",
    "Jordana",
    "Jonas Sulzbach",
    "Sol Vega",
    "Edilson",
    "Gabriela",
    "Samira",
    "Marcelo",
    "Babu Santana",
    "Juliano Floss",
    "Leandro",
    "Chaiany",
    "Ana Paula Renault",
    "Solange Couto",
    "Milena"
  ],
  "communities": [
    {
      "label": 1,
      "name": "Grupo Misto",
      "color": "#e74c3c",
      "members": [
        "Alberto Cowboy",
        "Breno",
        "Edilson",
        "Gabriela",
        "Jonas Sulzbach",
        "Jordana",
        "Marcelo",
        "Marciele",
        "Maxiane",
        "Samira",
        "Sarah Andrade",
        "Sol Vega"
      ],
      "group_composition": {
        "Pipoca": 7,
        "Veterano": 4,
        "Camarote": 1
      },
      "cohesion": 0.4171,
      "best_external": {
        "label": 2,
        "name": "Grupo Misto A",
        "score": -1.1662
      },
      "worst_external": {
        "label": 2,
        "name": "Grupo Misto A",
        "score": -1.1662
      }
    },
    {
      "label": 2,
      "name": "Grupo Misto A",
      "color": "#3498db",
      "members": [
        "Ana Paula Renault",
        "Babu Santana",
        "Chaiany",
        "Juliano Floss",
        "Leandro",
        "Milena",
        "Solange Couto"
      ],
      "group_composition": {
        "Pipoca": 3,
        "Veterano": 2,
        "Camarote": 2
      },
      "cohesion": 0.8357,
      "best_external": {
        "label": 1,
        "name": "Grupo Misto",
        "score": -1.1662
      },
      "worst_external": {
        "label": 1,
        "name": "Grupo Misto",
        "score": -1.1662
      }
    }
  ],
  "inter_cluster": [
    {
      "cluster_a": 1,
      "cluster_b": 2,
      "name_a": "Grupo Misto",
      "name_b": "Grupo Misto A",
      "score_sym": -1.1662,
      "score_a_to_b": -1.1469,
      "score_b_to_a": -1.1854,
      "vote_alignment": 0.2083
    }
  ],
  "polarization": [
    {
      "name": "Alberto Cowboy",
      "grupo": "Veterano",
      "cluster": 1,
      "avg_received": -0.449,
      "std_received": 2.0907,
      "contradictions": 0,
      "pos_received": 9.27,
      "top_love": [
        {
          "name": "Jonas Sulzbach",
          "score": 1.65
        },
        {
          "name": "Sarah Andrade",
          "score": 1.36
        },
        {
          "name": "Edilson",
          "score": 1.1
        }
      ],
      "top_hate": [
        {
          "name": "Leandro",
          "score": -6.96
        },
        {
          "name": "Milena",
          "score": -3.72
        },
        {
          "name": "Ana Paula Renault",
          "score": -2.28
        }
      ]
    },
    {
      "name": "Ana Paula Renault",
      "grupo": "Veterano",
      "cluster": 2,
      "avg_received": -0.8112,
      "std_received": 1.88,
      "contradictions": 0,
      "pos_received": 5.559,
      "top_love": [
        {
          "name": "Milena",
          "score": 1.5
        },
        {
          "name": "Babu Santana",
          "score": 0.86
        },
        {
          "name": "Chaiany",
          "score": 0.86
        }
      ],
      "top_hate": [
        {
          "name": "Maxiane",
          "score": -5.71
        },
        {
          "name": "Sarah Andrade",
          "score": -4.77
        },
        {
          "name": "Sol Vega",
          "score": -2.46
        }
      ]
    },
    {
      "name": "Babu Santana",
      "grupo": "Veterano",
      "cluster": 2,
      "avg_received": 0.0194,
      "std_received": 1.3182,
      "contradictions": 0,
      "pos_received": 10.33,
      "top_love": [
        {
          "name": "Edilson",
          "score": 1.5
        },
        {
          "name": "Juliano Floss",
          "score": 1.5
        },
        {
          "name": "Solange Couto",
          "score": 1.5
        }
      ],
      "top_hate": [
        {
          "name": "Jonas Sulzbach",
          "score": -2.93
        },
        {
          "name": "Sarah Andrade",
          "score": -2.17
        },
        {
          "name": "Sol Vega",
          "score": -1.53
        }
      ]
    },
    {
      "name": "Breno",
      "grupo": "Pipoca",
      "cluster": 1,
      "avg_received": 0.335,
      "std_received": 0.8864,
      "contradictions": 1,
      "pos_received": 10.075,
      "top_love": [
        {
          "name": "Gabriela",
          "score": 1.3
        },
        {
          "name": "Maxiane",
          "score": 1.2
        },
        {
          "name": "Jordana",
          "score": 1.0
        }
      ],
      "top_hate": [
        {
          "name": "Ana Paula Renault",
          "score": -1.96
        },
        {
          "name": "Milena",
          "score": -1.45
        },
        {
          "name": "Solange Couto",
          "score": -0.4
        }
      ]
    },
    {
      "name": "Chaiany",
      "grupo": "Pipoca",
      "cluster": 2,
      "avg_received": -0.105,
      "std_received": 1.5995,
      "contradictions": 4,
      "pos_received": 10.36,
      "top_love": [
        {
          "name": "Gabriela",
          "score": 1.5
        },
        {
          "name": "Leandro",
          "score": 1.5
        },
        {
          "name": "Babu Santana",
          "score": 1.0
        }
      ],
      "top_hate": [
        {
          "name": "Sarah Andrade",
          "score": -4.5
        },
        {
          "name": "Sol Vega",
          "score": -2.55
        },
        {
          "name": "Alberto Cowboy",
          "score": -2.08
        }
      ]
    },
    {
      "name": "Edilson",
      "grupo": "Camarote",
      "cluster": 1,
      "avg_received": 0.0086,
      "std_received": 1.1466,
      "contradictions": 3,
      "pos_received": 9.5,
      "top_love": [
        {
          "name": "Alberto Cowboy",
          "score": 1.8
        },
        {
          "name": "Babu Santana",
          "score": 1.5
        },
        {
          "name": "Chaiany",
          "score": 1.3
        }
      ],
      "top_hate": [
        {
          "name": "Leandro",
          "score": -1.8
        },
        {
          "name": "Milena",
          "score": -1.73
        },
        {
          "name": "Ana Paula Renault",
          "score": -1.48
        }
      ]
    },
    {
      "name": "Gabriela",
      "grupo": "Pipoca",
      "cluster": 1,
      "avg_received": -0.7436,
      "std_received": 1.7449,
      "contradictions": 1,
      "pos_received": 8.43,
      "top_love": [
        {
          "name": "Chaiany",
          "score": 1.5
        },
        {
          "name": "Jonas Sulzbach",
          "score": 1.11
        },
        {
          "name": "Alberto Cowboy",
          "score": 1.0
        }
      ],
      "top_hate": [
        {
          "name": "Maxiane",
          "score": -3.88
        },
        {
          "name": "Solange Couto",
          "score": -2.77
        },
        {
          "name": "Babu Santana",
          "score": -2.67
        }
      ]
    },
    {
      "name": "Jonas Sulzbach",
      "grupo": "Veterano",
      "cluster": 1,
      "avg_received": -0.8756,
      "std_received": 2.2459,
      "contradictions": 0,
      "pos_received": 8.87,
      "top_love": [
        {
          "name": "Sarah Andrade",
          "score": 1.7
        },
        {
          "name": "Alberto Cowboy",
          "score": 1.2
        },
        {
          "name": "Breno",
          "score": 1.0
        }
      ],
      "top_hate": [
        {
          "name": "Marcelo",
          "score": -5.34
        },
        {
          "name": "Babu Santana",
          "score": -4.75
        },
        {
          "name": "Juliano Floss",
          "score": -4.36
        }
      ]
    },
    {
      "name": "Jordana",
      "grupo": "Pipoca",
      "cluster": 1,
      "avg_received": -0.1267,
      "std_received": 1.1879,
      "contradictions": 2,
      "pos_received": 8.48,
      "top_love": [
        {
          "name": "Maxiane",
          "score": 1.2
        },
        {
          "name": "Alberto Cowboy",
          "score": 1.0
        },
        {
          "name": "Breno",
          "score": 1.0
        }
      ],
      "top_hate": [
        {
          "name": "Ana Paula Renault",
          "score": -2.76
        },
        {
          "name": "Milena",
          "score": -1.55
        },
        {
          "name": "Babu Santana",
          "score": -1.43
        }
      ]
    },
    {
      "name": "Juliano Floss",
      "grupo": "Camarote",
      "cluster": 2,
      "avg_received": -0.5137,
      "std_received": 1.7877,
      "contradictions": 0,
      "pos_received": 9.27,
      "top_love": [
        {
          "name": "Edilson",
          "score": 1.3
        },
        {
          "name": "Babu Santana",
          "score": 1.2
        },
        {
          "name": "Breno",
          "score": 1.0
        }
      ],
      "top_hate": [
        {
          "name": "Marciele",
          "score": -4.04
        },
        {
          "name": "Sol Vega",
          "score": -3.9
        },
        {
          "name": "Jonas Sulzbach",
          "score": -2.61
        }
      ]
    },
    {
      "name": "Leandro",
      "grupo": "Pipoca",
      "cluster": 2,
      "avg_received": -1.38,
      "std_received": 2.7342,
      "contradictions": 2,
      "pos_received": 7.83,
      "top_love": [
        {
          "name": "Babu Santana",
          "score": 1.0
        },
        {
          "name": "Breno",
          "score": 1.0
        },
        {
          "name": "Chaiany",
          "score": 1.0
        }
      ],
      "top_hate": [
        {
          "name": "Alberto Cowboy",
          "score": -9.36
        },
        {
          "name": "Jordana",
          "score": -4.0
        },
        {
          "name": "Gabriela",
          "score": -3.82
        }
      ]
    },
    {
      "name": "Marcelo",
      "grupo": "Pipoca",
      "cluster": 1,
      "avg_received": -0.1042,
      "std_received": 1.5865,
      "contradictions": 1,
      "pos_received": 9.505,
      "top_love": [
        {
          "name": "Maxiane",
          "score": 1.88
        },
        {
          "name": "Marciele",
          "score": 1.3
        },
        {
          "name": "Babu Santana",
          "score": 1.2
        }
      ],
      "top_hate": [
        {
          "name": "Jonas Sulzbach",
          "score": -5.15
        },
        {
          "name": "Ana Paula Renault",
          "score": -1.78
        },
        {
          "name": "Milena",
          "score": -1.75
        }
      ]
    },
    {
      "name": "Marciele",
      "grupo": "Pipoca",
      "cluster": 1,
      "avg_received": 0.2764,
      "std_received": 1.1221,
      "contradictions": 0,
      "pos_received": 12.12,
      "top_love": [
        {
          "name": "Breno",
          "score": 1.5
        },
        {
          "name": "Maxiane",
          "score": 1.5
        },
        {
          "name": "Jordana",
          "score": 1.38
        }
      ],
      "top_hate": [
        {
          "name": "Ana Paula Renault",
          "score": -1.96
        },
        {
          "name": "Milena",
          "score": -1.37
        },
        {
          "name": "Juliano Floss",
          "score": -1.1
        }
      ]
    },
    {
      "name": "Maxiane",
      "grupo": "Pipoca",
      "cluster": 1,
      "avg_received": 0.0844,
      "std_received": 1.4887,
      "contradictions": 1,
      "pos_received": 11.25,
      "top_love": [
        {
          "name": "Marcelo",
          "score": 1.86
        },
        {
          "name": "Marciele",
          "score": 1.5
        },
        {
          "name": "Jonas Sulzbach",
          "score": 1.35
        }
      ],
      "top_hate": [
        {
          "name": "Ana Paula Renault",
          "score": -4.54
        },
        {
          "name": "Milena",
          "score": -1.75
        },
        {
          "name": "Gabriela",
          "score": -0.91
        }
      ]
    },
    {
      "name": "Milena",
      "grupo": "Pipoca",
      "cluster": 2,
      "avg_received": -0.9109,
      "std_received": 1.8496,
      "contradictions": 1,
      "pos_received": 5.124,
      "top_love": [
        {
          "name": "Ana Paula Renault",
          "score": 1.5
        },
        {
          "name": "Babu Santana",
          "score": 1.06
        },
        {
          "name": "Chaiany",
          "score": 0.86
        }
      ],
      "top_hate": [
        {
          "name": "Alberto Cowboy",
          "score": -7.09
        },
        {
          "name": "Maxiane",
          "score": -2.19
        },
        {
          "name": "Edilson",
          "score": -1.92
        }
      ]
    },
    {
      "name": "Samira",
      "grupo": "Pipoca",
      "cluster": 1,
      "avg_received": -0.0678,
      "std_received": 0.7962,
      "contradictions": 2,
      "pos_received": 5.61,
      "top_love": [
        {
          "name": "Maxiane",
          "score": 1.2
        },
        {
          "name": "Breno",
          "score": 1.0
        },
        {
          "name": "Chaiany",
          "score": 1.0
        }
      ],
      "top_hate": [
        {
          "name": "Jordana",
          "score": -1.41
        },
        {
          "name": "Milena",
          "score": -1.39
        },
        {
          "name": "Ana Paula Renault",
          "score": -0.88
        }
      ]
    },
    {
      "name": "Sarah Andrade",
      "grupo": "Veterano",
      "cluster": 1,
      "avg_received": -0.1933,
      "std_received": 1.6611,
      "contradictions": 1,
      "pos_received": 11.155,
      "top_love": [
        {
          "name": "Jonas Sulzbach",
          "score": 3.16
        },
        {
          "name": "Alberto Cowboy",
          "score": 1.38
        },
        {
          "name": "Maxiane",
          "score": 1.2
        }
      ],
      "top_hate": [
        {
          "name": "Ana Paula Renault",
          "score": -3.68
        },
        {
          "name": "Chaiany",
          "score": -2.21
        },
        {
          "name": "Leandro",
          "score": -2.12
        }
      ]
    },
    {
      "name": "Sol Vega",
      "grupo": "Veterano",
      "cluster": 1,
      "avg_received": -0.6172,
      "std_received": 1.8525,
      "contradictions": 6,
      "pos_received": 7.545,
      "top_love": [
        {
          "name": "Sarah Andrade",
          "score": 2.11
        },
        {
          "name": "Jonas Sulzbach",
          "score": 1.2
        },
        {
          "name": "Alberto Cowboy",
          "score": 1.0
        }
      ],
      "top_hate": [
        {
          "name": "Babu Santana",
          "score": -4.21
        },
        {
          "name": "Edilson",
          "score": -4.18
        },
        {
          "name": "Juliano Floss",
          "score": -3.77
        }
      ]
    },
    {
      "name": "Solange Couto",
      "grupo": "Camarote",
      "cluster": 2,
      "avg_received": 0.2989,
      "std_received": 0.7267,
      "contradictions": 2,
      "pos_received": 8.44,
      "top_love": [
        {
          "name": "Babu Santana",
          "score": 1.7
        },
        {
          "name": "Sol Vega",
          "score": 1.24
        },
        {
          "name": "Breno",
          "score": 1.0
        }
      ],
      "top_hate": [
        {
          "name": "Samira",
          "score": -0.69
        },
        {
          "name": "Jordana",
          "score": -0.59
        },
        {
          "name": "Alberto Cowboy",
          "score": -0.47
        }
      ]
    }
  ],
  "score_matrix_ordered": [
    [
      0.0,
      1.37,
      1.1,
      1.0,
      0.8575,
      0.955,
      2.43,
      1.555,
      1.0,
      1.0,
      -0.4025,
      -0.425,
      -1.9475,
      -1.5225,
      -2.84,
      -3.3525,
      -4.225,
      -0.575,
      -1.7125
    ],
    [
      1.37,
      0.0,
      0.55,
      0.19,
      1.1,
      1.0,
      1.425,
      1.0,
      1.45,
      1.0,
      -0.1475,
      -0.1325,
      -0.77,
      -1.5575,
      -8.158,
      -1.245,
      -1.607,
      -0.575,
      -5.4075
    ],
    [
      1.1,
      0.55,
      0.0,
      1.1,
      1.5,
      1.1,
      1.175,
      0.91,
      1.0,
      -2.3975,
      0.725,
      1.87,
      -0.3625,
      -1.0525,
      0.46,
      0.895,
      -5.123,
      -0.255,
      -1.97
    ],
    [
      1.0,
      0.19,
      1.1,
      0.0,
      1.25,
      1.0,
      0.55,
      0.97,
      -0.545,
      1.15,
      0.565,
      1.0,
      0.8075,
      0.46,
      1.0,
      0.895,
      -1.095,
      0.3025,
      -1.0125
    ],
    [
      0.8575,
      1.1,
      1.5,
      1.25,
      0.0,
      1.175,
      0.355,
      0.475,
      0.28,
      -1.8825,
      0.3025,
      1.3,
      0.1975,
      -2.5725,
      -1.41,
      0.175,
      -1.47,
      -0.515,
      -1.175
    ],
    [
      0.955,
      1.0,
      1.1,
      1.0,
      1.175,
      0.0,
      1.0,
      -0.545,
      0.0,
      0.895,
      -1.29,
      -0.195,
      -1.3125,
      -0.6525,
      -2.65,
      -0.9975,
      -2.28,
      -0.59,
      -1.3275
    ],
    [
      2.43,
      1.425,
      1.175,
      0.55,
      0.355,
      1.0,
      0.0,
      1.1,
      1.1,
      1.04,
      -0.53,
      -5.2455,
      -3.838,
      -3.483,
      -3.355,
      -1.235,
      -1.712,
      -0.5675,
      -1.5695
    ],
    [
      1.555,
      1.0,
      0.91,
      0.97,
      0.475,
      -0.545,
      1.1,
      0.0,
      -1.74,
      1.0,
      -0.2,
      -0.17,
      -2.8725,
      -3.835,
      -0.915,
      -1.0675,
      -2.522,
      0.385,
      -1.017
    ],
    [
      1.0,
      1.45,
      1.0,
      -0.545,
      0.28,
      0.0,
      1.1,
      -1.74,
      0.0,
      1.0,
      -0.515,
      -0.4775,
      1.5,
      0.3375,
      -2.56,
      0.7,
      -1.297,
      -0.155,
      -1.827
    ],
    [
      1.0,
      1.0,
      -2.3975,
      1.15,
      -1.8825,
      0.895,
      1.04,
      1.0,
      1.0,
      0.0,
      -1.2725,
      -0.935,
      -2.05,
      -1.69,
      -2.96,
      1.5,
      -1.127,
      -1.425,
      -0.7895
    ],
    [
      -0.4025,
      -0.1475,
      0.725,
      0.565,
      0.3025,
      -1.29,
      -0.53,
      -0.2,
      -0.515,
      -1.2725,
      0.0,
      0.7075,
      -0.3575,
      0.115,
      -1.14,
      0.955,
      -0.32,
      -0.6325,
      -0.895
    ],
    [
      -0.425,
      -0.1325,
      1.87,
      1.0,
      1.3,
      -0.195,
      -5.2455,
      -0.17,
      -0.4775,
      -0.935,
      0.7075,
      0.0,
      1.1,
      1.0,
      1.0,
      0.64,
      -1.38,
      0.895,
      -1.365
    ],
    [
      -1.9475,
      -0.77,
      -0.3625,
      0.8075,
      0.1975,
      -1.3125,
      -3.838,
      -2.8725,
      1.5,
      -2.05,
      -0.3575,
      1.1,
      0.0,
      1.35,
      1.0,
      1.0,
      0.688,
      1.6,
      0.788
    ],
    [
      -1.5225,
      -1.5575,
      -1.0525,
      0.46,
      -2.5725,
      -0.6525,
      -3.483,
      -3.835,
      0.3375,
      -1.69,
      0.115,
      1.0,
      1.35,
      0.0,
      1.0,
      1.0,
      0.688,
      0.985,
      0.658
    ],
    [
      -2.84,
      -8.158,
      0.46,
      1.0,
      -1.41,
      -2.65,
      -3.355,
      -0.915,
      -2.56,
      -2.96,
      -1.14,
      1.0,
      1.0,
      1.0,
      0.0,
      1.25,
      0.688,
      0.985,
      0.688
    ],
    [
      -3.3525,
      -1.245,
      0.895,
      0.895,
      0.175,
      -0.9975,
      -1.235,
      -1.0675,
      0.7,
      1.5,
      0.955,
      0.64,
      1.0,
      1.0,
      1.25,
      0.0,
      0.688,
      0.94,
      0.643
    ],
    [
      -4.225,
      -1.607,
      -5.123,
      -1.095,
      -1.47,
      -2.28,
      -1.712,
      -2.522,
      -1.297,
      -1.127,
      -0.32,
      -1.38,
      0.688,
      0.688,
      0.688,
      0.688,
      0.0,
      0.175,
      1.5
    ],
    [
      -0.575,
      -0.575,
      -0.255,
      0.3025,
      -0.515,
      -0.59,
      -0.5675,
      0.385,
      -0.155,
      -1.425,
      -0.6325,
      0.895,
      1.6,
      0.985,
      0.985,
      0.94,
      0.175,
      0.0,
      -0.765
    ],
    [
      -1.7125,
      -5.4075,
      -1.97,
      -1.0125,
      -1.175,
      -1.3275,
      -1.5695,
      -1.017,
      -1.827,
      -0.7895,
      -0.895,
      -1.365,
      0.788,
      0.658,
      0.688,
      0.643,
      1.5,
      -0.765,
      0.0
    ]
  ],
  "vote_matrix_ordered": [
    [
      0.0,
      1.0,
      0.5,
      0.3333,
      0.3333,
      0.3333,
      1.0,
      0.6667,
      0.3333,
      0.6667,
      0.6667,
      0.3333,
      0.0,
      0.0,
      0.0,
      0.0,
      0.5,
      0.3333,
      0.3333
    ],
    [
      1.0,
      0.0,
      0.0,
      0.0,
      0.5,
      0.5,
      1.0,
      1.0,
      0.5,
      0.5,
      0.5,
      0.0,
      0.0,
      0.0,
      0.0,
      0.0,
      0.0,
      0.0,
      0.0
    ],
    [
      0.5,
      0.0,
      0.0,
      0.5,
      0.5,
      0.0,
      1.0,
      0.0,
      0.0,
      0.5,
      1.0,
      0.5,
      0.0,
      0.0,
      0.0,
      0.0,
      1.0,
      0.5,
      0.5
    ],
    [
      0.3333,
      0.0,
      0.5,
      0.0,
      0.0,
      0.0,
      0.5,
      0.0,
      0.0,
      0.3333,
      0.3333,
      1.0,
      0.5,
      0.6667,
      0.6667,
      0.6667,
      1.0,
      0.3333,
      1.0
    ],
    [
      0.3333,
      0.5,
      0.5,
      0.0,
      0.0,
      0.3333,
      0.5,
      0.6667,
      0.3333,
      0.3333,
      0.6667,
      0.0,
      0.0,
      0.0,
      0.0,
      0.0,
      0.0,
      0.0,
      0.0
    ],
    [
      0.3333,
      0.5,
      0.0,
      0.0,
      0.3333,
      0.0,
      0.5,
      0.3333,
      0.6667,
      0.3333,
      0.3333,
      0.0,
      0.0,
      0.0,
      0.0,
      0.0,
      0.0,
      0.0,
      0.0
    ],
    [
      1.0,
      1.0,
      1.0,
      0.5,
      0.5,
      0.5,
      0.0,
      0.5,
      0.5,
      1.0,
      1.0,
      0.5,
      0.0,
      0.0,
      0.0,
      0.0,
      0.5,
      0.5,
      0.5
    ],
    [
      0.6667,
      1.0,
      0.0,
      0.0,
      0.6667,
      0.3333,
      0.5,
      0.0,
      0.3333,
      0.3333,
      0.3333,
      0.0,
      0.0,
      0.0,
      0.0,
      0.0,
      0.0,
      0.0,
      0.0
    ],
    [
      0.3333,
      0.5,
      0.0,
      0.0,
      0.3333,
      0.6667,
      0.5,
      0.3333,
      0.0,
      0.3333,
      0.3333,
      0.0,
      0.5,
      0.3333,
      0.0,
      0.0,
      0.0,
      0.0,
      0.0
    ],
    [
      0.6667,
      0.5,
      0.5,
      0.3333,
      0.3333,
      0.3333,
      1.0,
      0.3333,
      0.3333,
      0.0,
      0.6667,
      0.3333,
      0.0,
      0.0,
      0.0,
      0.0,
      0.5,
      0.3333,
      0.3333
    ],
    [
      0.6667,
      0.5,
      1.0,
      0.3333,
      0.6667,
      0.3333,
      1.0,
      0.3333,
      0.3333,
      0.6667,
      0.0,
      0.3333,
      0.0,
      0.0,
      0.0,
      0.0,
      0.5,
      0.3333,
      0.3333
    ],
    [
      0.3333,
      0.0,
      0.5,
      1.0,
      0.0,
      0.0,
      0.5,
      0.0,
      0.0,
      0.3333,
      0.3333,
      0.0,
      0.5,
      0.6667,
      0.6667,
      0.6667,
      1.0,
      0.3333,
      1.0
    ],
    [
      0.0,
      0.0,
      0.0,
      0.5,
      0.0,
      0.0,
      0.0,
      0.0,
      0.5,
      0.0,
      0.0,
      0.5,
      0.0,
      1.0,
      0.5,
      0.5,
      0.5,
      0.0,
      0.5
    ],
    [
      0.0,
      0.0,
      0.0,
      0.6667,
      0.0,
      0.0,
      0.0,
      0.0,
      0.3333,
      0.0,
      0.0,
      0.6667,
      1.0,
      0.0,
      0.6667,
      0.6667,
      0.5,
      0.0,
      0.6667
    ],
    [
      0.0,
      0.0,
      0.0,
      0.6667,
      0.0,
      0.0,
      0.0,
      0.0,
      0.0,
      0.0,
      0.0,
      0.6667,
      0.5,
      0.6667,
      0.0,
      0.6667,
      0.5,
      0.0,
      0.6667
    ],
    [
      0.0,
      0.0,
      0.0,
      0.6667,
      0.0,
      0.0,
      0.0,
      0.0,
      0.0,
      0.0,
      0.0,
      0.6667,
      0.5,
      0.6667,
      0.6667,
      0.0,
      0.5,
      0.0,
      0.6667
    ],
    [
      0.5,
      0.0,
      1.0,
      1.0,
      0.0,
      0.0,
      0.5,
      0.0,
      0.0,
      0.5,
      0.5,
      1.0,
      0.5,
      0.5,
      0.5,
      0.5,
      0.0,
      0.5,
      1.0
    ],
    [
      0.3333,
      0.0,
      0.5,
      0.3333,
      0.0,
      0.0,
      0.5,
      0.0,
      0.0,
      0.3333,
      0.3333,
      0.3333,
      0.0,
      0.0,
      0.0,
      0.0,
      0.5,
      0.0,
      0.3333
    ],
    [
      0.3333,
      0.0,
      0.5,
      1.0,
      0.0,
      0.0,
      0.5,
      0.0,
      0.0,
      0.3333,
      0.3333,
      1.0,
      0.5,
      0.6667,
      0.6667,
      0.6667,
      1.0,
      0.3333,
      0.0
    ]
  ]
}