{
  "_metadata": {
    "generated_at": "2026-03-02T10:39:31.749717+00:00",
    "date": "2026-03-01",
    "week": 7,
    "reference_date": "2026-03-01",
    "n_active": 14,
    "n_clusters": 2,
    "n_paredoes": 6,
    "n_contradictions": 34,
    "n_tensions": 1,
    "silhouette_coefficient": 0.437,
    "resolution_used": 0.5,
    "best_cohesion": {
      "label": 2,
      "name": "Aliança Grupo Misto",
      "score": 1.6592
    },
    "worst_rivalry": {
      "key": "1<>2",
      "score": -3.5939,
      "text": "Frente Grupo Misto vs Aliança Grupo Misto"
    }
  },
  "active_names": [
    "Alberto Cowboy",
    "Ana Paula Renault",
    "Babu Santana",
    "Breno",
    "Chaiany",
    "Gabriela",
    "Jonas Sulzbach",
    "Jordana",
    "Juliano Floss",
    "Leandro",
    "Marciele",
    "Milena",
    "Samira",
    "Solange Couto"
  ],
  "cluster_order": [
    "Chaiany",
    "Breno",
    "Juliano Floss",
    "Leandro",
    "Solange Couto",
    "Babu Santana",
    "Samira",
    "Milena",
    "Ana Paula Renault",
    "Gabriela",
    "Alberto Cowboy",
    "Jonas Sulzbach",
    "Marciele",
    "Jordana"
  ],
  "communities": [
    {
      "label": 1,
      "name": "Frente Grupo Misto",
      "color": "#e74c3c",
      "members": [
        "Ana Paula Renault",
        "Babu Santana",
        "Breno",
        "Chaiany",
        "Gabriela",
        "Juliano Floss",
        "Leandro",
        "Milena",
        "Samira",
        "Solange Couto"
      ],
      "group_composition": {
        "Pipoca": 6,
        "Veterano": 2,
        "Camarote": 2
      },
      "cohesion": -0.1096,
      "best_external": {
        "label": 2,
        "name": "Aliança Grupo Misto",
        "score": -3.5939
      },
      "worst_external": {
        "label": 2,
        "name": "Aliança Grupo Misto",
        "score": -3.5939
      }
    },
    {
      "label": 2,
      "name": "Aliança Grupo Misto",
      "color": "#3498db",
      "members": [
        "Alberto Cowboy",
        "Jonas Sulzbach",
        "Jordana",
        "Marciele"
      ],
      "group_composition": {
        "Veterano": 2,
        "Pipoca": 2
      },
      "cohesion": 1.6592,
      "best_external": {
        "label": 1,
        "name": "Frente Grupo Misto",
        "score": -3.5939
      },
      "worst_external": {
        "label": 1,
        "name": "Frente Grupo Misto",
        "score": -3.5939
      }
    }
  ],
  "inter_cluster": [
    {
      "cluster_a": 1,
      "cluster_b": 2,
      "name_a": "Frente Grupo Misto",
      "name_b": "Aliança Grupo Misto",
      "score_sym": -3.5939,
      "score_a_to_b": -3.8971,
      "score_b_to_a": -3.2908,
      "vote_alignment": 0.1625
    }
  ],
  "polarization": [
    {
      "name": "Alberto Cowboy",
      "grupo": "Veterano",
      "cluster": 2,
      "avg_received": -3.7967,
      "std_received": 4.0016,
      "contradictions": 1,
      "pos_received": 4.95,
      "top_love": [
        {
          "name": "Jonas Sulzbach",
          "score": 2.35
        },
        {
          "name": "Jordana",
          "score": 1.3
        },
        {
          "name": "Marciele",
          "score": 1.3
        }
      ],
      "top_hate": [
        {
          "name": "Leandro",
          "score": -11.28
        },
        {
          "name": "Breno",
          "score": -8.44
        },
        {
          "name": "Milena",
          "score": -7.76
        }
      ]
    },
    {
      "name": "Ana Paula Renault",
      "grupo": "Veterano",
      "cluster": 1,
      "avg_received": -0.9487,
      "std_received": 1.9674,
      "contradictions": 0,
      "pos_received": 6.362,
      "top_love": [
        {
          "name": "Milena",
          "score": 2.2
        },
        {
          "name": "Samira",
          "score": 2.0
        },
        {
          "name": "Juliano Floss",
          "score": 1.36
        }
      ],
      "top_hate": [
        {
          "name": "Alberto Cowboy",
          "score": -4.56
        },
        {
          "name": "Jonas Sulzbach",
          "score": -3.19
        },
        {
          "name": "Marciele",
          "score": -2.37
        }
      ]
    },
    {
      "name": "Babu Santana",
      "grupo": "Veterano",
      "cluster": 1,
      "avg_received": -1.146,
      "std_received": 2.6392,
      "contradictions": 0,
      "pos_received": 8.03,
      "top_love": [
        {
          "name": "Solange Couto",
          "score": 2.2
        },
        {
          "name": "Leandro",
          "score": 1.7
        },
        {
          "name": "Chaiany",
          "score": 1.65
        }
      ],
      "top_hate": [
        {
          "name": "Jonas Sulzbach",
          "score": -6.21
        },
        {
          "name": "Gabriela",
          "score": -4.98
        },
        {
          "name": "Ana Paula Renault",
          "score": -3.48
        }
      ]
    },
    {
      "name": "Breno",
      "grupo": "Pipoca",
      "cluster": 1,
      "avg_received": -1.3753,
      "std_received": 2.7352,
      "contradictions": 2,
      "pos_received": 6.1975,
      "top_love": [
        {
          "name": "Samira",
          "score": 1.5
        },
        {
          "name": "Babu Santana",
          "score": 1.28
        },
        {
          "name": "Leandro",
          "score": 1.1
        }
      ],
      "top_hate": [
        {
          "name": "Jordana",
          "score": -6.76
        },
        {
          "name": "Alberto Cowboy",
          "score": -6.31
        },
        {
          "name": "Marciele",
          "score": -3.8
        }
      ]
    },
    {
      "name": "Chaiany",
      "grupo": "Pipoca",
      "cluster": 1,
      "avg_received": -0.031,
      "std_received": 1.9337,
      "contradictions": 6,
      "pos_received": 10.71,
      "top_love": [
        {
          "name": "Gabriela",
          "score": 3.31
        },
        {
          "name": "Leandro",
          "score": 2.0
        },
        {
          "name": "Breno",
          "score": 1.5
        }
      ],
      "top_hate": [
        {
          "name": "Alberto Cowboy",
          "score": -3.59
        },
        {
          "name": "Milena",
          "score": -2.66
        },
        {
          "name": "Ana Paula Renault",
          "score": -1.66
        }
      ]
    },
    {
      "name": "Gabriela",
      "grupo": "Pipoca",
      "cluster": 1,
      "avg_received": -0.8392,
      "std_received": 1.9603,
      "contradictions": 9,
      "pos_received": 6.43,
      "top_love": [
        {
          "name": "Chaiany",
          "score": 3.31
        },
        {
          "name": "Jonas Sulzbach",
          "score": 1.3
        },
        {
          "name": "Alberto Cowboy",
          "score": 0.8
        }
      ],
      "top_hate": [
        {
          "name": "Babu Santana",
          "score": -3.87
        },
        {
          "name": "Leandro",
          "score": -3.1
        },
        {
          "name": "Ana Paula Renault",
          "score": -2.61
        }
      ]
    },
    {
      "name": "Jonas Sulzbach",
      "grupo": "Veterano",
      "cluster": 2,
      "avg_received": -2.0902,
      "std_received": 3.3984,
      "contradictions": 0,
      "pos_received": 6.61,
      "top_love": [
        {
          "name": "Alberto Cowboy",
          "score": 3.01
        },
        {
          "name": "Gabriela",
          "score": 1.2
        },
        {
          "name": "Jordana",
          "score": 1.2
        }
      ],
      "top_hate": [
        {
          "name": "Babu Santana",
          "score": -8.78
        },
        {
          "name": "Milena",
          "score": -5.96
        },
        {
          "name": "Juliano Floss",
          "score": -5.51
        }
      ]
    },
    {
      "name": "Jordana",
      "grupo": "Pipoca",
      "cluster": 2,
      "avg_received": -3.0166,
      "std_received": 2.9868,
      "contradictions": 4,
      "pos_received": 4.73,
      "top_love": [
        {
          "name": "Alberto Cowboy",
          "score": 1.65
        },
        {
          "name": "Marciele",
          "score": 1.5
        },
        {
          "name": "Jonas Sulzbach",
          "score": 1.2
        }
      ],
      "top_hate": [
        {
          "name": "Samira",
          "score": -7.14
        },
        {
          "name": "Breno",
          "score": -5.87
        },
        {
          "name": "Milena",
          "score": -5.5
        }
      ]
    },
    {
      "name": "Juliano Floss",
      "grupo": "Camarote",
      "cluster": 1,
      "avg_received": -1.2738,
      "std_received": 2.9721,
      "contradictions": 2,
      "pos_received": 7.52,
      "top_love": [
        {
          "name": "Babu Santana",
          "score": 1.4
        },
        {
          "name": "Leandro",
          "score": 1.3
        },
        {
          "name": "Breno",
          "score": 1.1
        }
      ],
      "top_hate": [
        {
          "name": "Marciele",
          "score": -7.76
        },
        {
          "name": "Alberto Cowboy",
          "score": -5.8
        },
        {
          "name": "Jonas Sulzbach",
          "score": -3.88
        }
      ]
    },
    {
      "name": "Leandro",
      "grupo": "Pipoca",
      "cluster": 1,
      "avg_received": -1.7904,
      "std_received": 3.2605,
      "contradictions": 0,
      "pos_received": 6.4,
      "top_love": [
        {
          "name": "Babu Santana",
          "score": 1.5
        },
        {
          "name": "Solange Couto",
          "score": 1.3
        },
        {
          "name": "Breno",
          "score": 1.2
        }
      ],
      "top_hate": [
        {
          "name": "Alberto Cowboy",
          "score": -10.22
        },
        {
          "name": "Jordana",
          "score": -4.5
        },
        {
          "name": "Gabriela",
          "score": -4.27
        }
      ]
    },
    {
      "name": "Marciele",
      "grupo": "Pipoca",
      "cluster": 2,
      "avg_received": -1.5562,
      "std_received": 2.1587,
      "contradictions": 2,
      "pos_received": 5.9,
      "top_love": [
        {
          "name": "Jordana",
          "score": 2.0
        },
        {
          "name": "Jonas Sulzbach",
          "score": 1.65
        },
        {
          "name": "Alberto Cowboy",
          "score": 1.55
        }
      ],
      "top_hate": [
        {
          "name": "Juliano Floss",
          "score": -4.64
        },
        {
          "name": "Breno",
          "score": -3.35
        },
        {
          "name": "Ana Paula Renault",
          "score": -3.26
        }
      ]
    },
    {
      "name": "Milena",
      "grupo": "Pipoca",
      "cluster": 1,
      "avg_received": -1.6518,
      "std_received": 3.4089,
      "contradictions": 1,
      "pos_received": 7.683,
      "top_love": [
        {
          "name": "Ana Paula Renault",
          "score": 2.2
        },
        {
          "name": "Juliano Floss",
          "score": 2.12
        },
        {
          "name": "Samira",
          "score": 1.92
        }
      ],
      "top_hate": [
        {
          "name": "Alberto Cowboy",
          "score": -9.2
        },
        {
          "name": "Jonas Sulzbach",
          "score": -7.8
        },
        {
          "name": "Jordana",
          "score": -3.14
        }
      ]
    },
    {
      "name": "Samira",
      "grupo": "Pipoca",
      "cluster": 1,
      "avg_received": -1.3001,
      "std_received": 2.0512,
      "contradictions": 2,
      "pos_received": 3.08,
      "top_love": [
        {
          "name": "Breno",
          "score": 1.7
        },
        {
          "name": "Ana Paula Renault",
          "score": 0.84
        },
        {
          "name": "Milena",
          "score": 0.54
        }
      ],
      "top_hate": [
        {
          "name": "Jordana",
          "score": -5.8
        },
        {
          "name": "Marciele",
          "score": -4.16
        },
        {
          "name": "Alberto Cowboy",
          "score": -3.38
        }
      ]
    },
    {
      "name": "Solange Couto",
      "grupo": "Camarote",
      "cluster": 1,
      "avg_received": -0.5277,
      "std_received": 1.7625,
      "contradictions": 7,
      "pos_received": 6.99,
      "top_love": [
        {
          "name": "Babu Santana",
          "score": 2.4
        },
        {
          "name": "Chaiany",
          "score": 1.45
        },
        {
          "name": "Leandro",
          "score": 1.2
        }
      ],
      "top_hate": [
        {
          "name": "Jordana",
          "score": -3.44
        },
        {
          "name": "Marciele",
          "score": -2.6
        },
        {
          "name": "Alberto Cowboy",
          "score": -2.44
        }
      ]
    }
  ],
  "score_matrix_ordered": [
    [
      0.0,
      1.25,
      0.65,
      1.6,
      1.475,
      1.475,
      0.45,
      -2.272,
      -1.6145,
      3.31,
      -1.8525,
      -0.515,
      -1.9112,
      -3.145
    ],
    [
      1.25,
      0.0,
      1.05,
      1.15,
      0.66,
      1.2138,
      1.6,
      -1.545,
      -1.735,
      -0.005,
      -7.373,
      -2.08,
      -3.575,
      -6.313
    ],
    [
      0.65,
      1.05,
      0.0,
      1.25,
      0.49,
      1.365,
      -1.563,
      1.468,
      1.088,
      -2.4625,
      -5.5762,
      -4.693,
      -6.2,
      -2.5875
    ],
    [
      1.6,
      1.15,
      1.25,
      0.0,
      1.25,
      1.6,
      -1.61,
      0.0755,
      -0.162,
      -3.685,
      -10.748,
      -4.42,
      -2.85,
      -4.55
    ],
    [
      1.475,
      0.66,
      0.49,
      1.25,
      0.0,
      2.3,
      -1.3125,
      -1.57,
      -0.995,
      -2.245,
      -2.91,
      0.18,
      -2.31,
      -3.455
    ],
    [
      1.475,
      1.2138,
      1.365,
      1.6,
      2.3,
      0.0,
      -0.72,
      -1.3695,
      -2.4133,
      -4.4225,
      -2.815,
      -7.491,
      -1.905,
      -3.63
    ],
    [
      0.45,
      1.6,
      -1.563,
      -1.61,
      -1.3125,
      -0.72,
      0.0,
      1.23,
      1.42,
      -0.68,
      -4.11,
      -1.475,
      -3.16,
      -6.468
    ],
    [
      -2.272,
      -1.545,
      1.468,
      0.0755,
      -1.57,
      -1.3695,
      1.23,
      0.0,
      2.2,
      -1.912,
      -8.48,
      -6.88,
      -1.57,
      -4.32
    ],
    [
      -1.6145,
      -1.735,
      1.088,
      -0.162,
      -0.995,
      -2.4133,
      1.42,
      2.2,
      0.0,
      -2.257,
      -5.252,
      -3.687,
      -2.815,
      -3.425
    ],
    [
      3.31,
      -0.005,
      -2.4625,
      -3.685,
      -2.245,
      -4.4225,
      -0.68,
      -1.912,
      -2.257,
      0.0,
      -0.755,
      1.25,
      -0.19,
      0.305
    ],
    [
      -1.8525,
      -7.373,
      -5.5762,
      -10.748,
      -2.91,
      -2.815,
      -4.11,
      -8.48,
      -5.252,
      -0.755,
      0.0,
      2.68,
      1.425,
      1.475
    ],
    [
      -0.515,
      -2.08,
      -4.693,
      -4.42,
      0.18,
      -7.491,
      -1.475,
      -6.88,
      -3.687,
      1.25,
      2.68,
      0.0,
      1.425,
      1.2
    ],
    [
      -1.9112,
      -3.575,
      -6.2,
      -2.85,
      -2.31,
      -1.905,
      -3.16,
      -1.57,
      -2.815,
      -0.19,
      1.425,
      1.425,
      0.0,
      1.75
    ],
    [
      -3.145,
      -6.313,
      -2.5875,
      -4.55,
      -3.455,
      -3.63,
      -6.468,
      -4.32,
      -3.425,
      0.305,
      1.475,
      1.2,
      1.75,
      0.0
    ]
  ],
  "vote_matrix_ordered": [
    [
      0.0,
      0.6667,
      0.6667,
      0.6667,
      0.3333,
      0.6,
      0.3333,
      0.6667,
      0.6,
      0.0,
      0.0,
      0.0,
      0.0,
      0.0
    ],
    [
      0.6667,
      0.0,
      0.8333,
      0.8333,
      0.6667,
      0.8,
      0.6667,
      1.0,
      1.0,
      0.1667,
      0.0,
      0.5,
      0.0,
      0.0
    ],
    [
      0.6667,
      0.8333,
      0.0,
      0.8333,
      0.5,
      1.0,
      0.5,
      0.8333,
      0.8,
      0.0,
      0.0,
      0.0,
      0.0,
      0.0
    ],
    [
      0.6667,
      0.8333,
      0.8333,
      0.0,
      0.5,
      0.8,
      0.5,
      0.8333,
      0.8,
      0.0,
      0.0,
      0.0,
      0.0,
      0.0
    ],
    [
      0.3333,
      0.6667,
      0.5,
      0.5,
      0.0,
      0.6,
      0.6667,
      0.6667,
      0.8,
      0.1667,
      0.0,
      0.5,
      0.0,
      0.0
    ],
    [
      0.6,
      0.8,
      1.0,
      0.8,
      0.6,
      0.0,
      0.6,
      0.8,
      0.8,
      0.0,
      0.0,
      0.0,
      0.0,
      0.0
    ],
    [
      0.3333,
      0.6667,
      0.5,
      0.5,
      0.6667,
      0.6,
      0.0,
      0.6667,
      0.8,
      0.3333,
      0.25,
      1.0,
      0.3333,
      0.1667
    ],
    [
      0.6667,
      1.0,
      0.8333,
      0.8333,
      0.6667,
      0.8,
      0.6667,
      0.0,
      1.0,
      0.1667,
      0.0,
      0.5,
      0.0,
      0.0
    ],
    [
      0.6,
      1.0,
      0.8,
      0.8,
      0.8,
      0.8,
      0.8,
      1.0,
      0.0,
      0.2,
      0.0,
      0.5,
      0.0,
      0.0
    ],
    [
      0.0,
      0.1667,
      0.0,
      0.0,
      0.1667,
      0.0,
      0.3333,
      0.1667,
      0.2,
      0.0,
      0.75,
      1.0,
      0.5,
      0.5
    ],
    [
      0.0,
      0.0,
      0.0,
      0.0,
      0.0,
      0.0,
      0.25,
      0.0,
      0.0,
      0.75,
      0.0,
      1.0,
      0.75,
      0.75
    ],
    [
      0.0,
      0.5,
      0.0,
      0.0,
      0.5,
      0.0,
      1.0,
      0.5,
      0.5,
      1.0,
      1.0,
      0.0,
      0.5,
      0.5
    ],
    [
      0.0,
      0.0,
      0.0,
      0.0,
      0.0,
      0.0,
      0.3333,
      0.0,
      0.0,
      0.5,
      0.75,
      0.5,
      0.0,
      0.6667
    ],
    [
      0.0,
      0.0,
      0.0,
      0.0,
      0.0,
      0.0,
      0.1667,
      0.0,
      0.0,
      0.5,
      0.75,
      0.5,
      0.6667,
      0.0
    ]
  ]
}