{
  "_metadata": {
    "generated_at": "2026-02-18T18:52:53.125148+00:00",
    "date": "2026-02-18",
    "week": 6,
    "reference_date": "2026-02-18",
    "n_active": 15,
    "n_clusters": 2,
    "n_paredoes": 5,
    "n_contradictions": 28,
    "n_tensions": 1,
    "silhouette_coefficient": 0.4095,
    "resolution_used": 0.5,
    "best_cohesion": {
      "label": 2,
      "name": "Grupo Misto A",
      "score": 0.8013
    },
    "worst_rivalry": {
      "key": "1<>2",
      "score": -1.8313,
      "text": "Grupo Misto vs Grupo Misto A"
    }
  },
  "active_names": [
    "Alberto Cowboy",
    "Ana Paula Renault",
    "Babu Santana",
    "Breno",
    "Chaiany",
    "Gabriela",
    "Jonas Sulzbach",
    "Jordana",
    "Juliano Floss",
    "Leandro",
    "Marciele",
    "Maxiane",
    "Milena",
    "Samira",
    "Solange Couto"
  ],
  "cluster_order": [
    "Babu Santana",
    "Chaiany",
    "Leandro",
    "Juliano Floss",
    "Solange Couto",
    "Milena",
    "Ana Paula Renault",
    "Breno",
    "Samira",
    "Jordana",
    "Jonas Sulzbach",
    "Marciele",
    "Alberto Cowboy",
    "Maxiane",
    "Gabriela"
  ],
  "communities": [
    {
      "label": 1,
      "name": "Grupo Misto",
      "color": "#e74c3c",
      "members": [
        "Ana Paula Renault",
        "Babu Santana",
        "Breno",
        "Chaiany",
        "Juliano Floss",
        "Leandro",
        "Milena",
        "Samira",
        "Solange Couto"
      ],
      "group_composition": {
        "Pipoca": 5,
        "Veterano": 2,
        "Camarote": 2
      },
      "cohesion": 0.6238,
      "best_external": {
        "label": 2,
        "name": "Grupo Misto A",
        "score": -1.8313
      },
      "worst_external": {
        "label": 2,
        "name": "Grupo Misto A",
        "score": -1.8313
      }
    },
    {
      "label": 2,
      "name": "Grupo Misto A",
      "color": "#3498db",
      "members": [
        "Alberto Cowboy",
        "Gabriela",
        "Jonas Sulzbach",
        "Jordana",
        "Marciele",
        "Maxiane"
      ],
      "group_composition": {
        "Pipoca": 4,
        "Veterano": 2
      },
      "cohesion": 0.8013,
      "best_external": {
        "label": 1,
        "name": "Grupo Misto",
        "score": -1.8313
      },
      "worst_external": {
        "label": 1,
        "name": "Grupo Misto",
        "score": -1.8313
      }
    }
  ],
  "inter_cluster": [
    {
      "cluster_a": 1,
      "cluster_b": 2,
      "name_a": "Grupo Misto",
      "name_b": "Grupo Misto A",
      "score_sym": -1.8313,
      "score_a_to_b": -1.8566,
      "score_b_to_a": -1.806,
      "vote_alignment": 0.1253
    }
  ],
  "polarization": [
    {
      "name": "Alberto Cowboy",
      "grupo": "Veterano",
      "cluster": 2,
      "avg_received": -1.2323,
      "std_received": 2.3531,
      "contradictions": 1,
      "pos_received": 4.35,
      "top_love": [
        {
          "name": "Jonas Sulzbach",
          "score": 1.65
        },
        {
          "name": "Jordana",
          "score": 1.0
        },
        {
          "name": "Marciele",
          "score": 1.0
        }
      ],
      "top_hate": [
        {
          "name": "Leandro",
          "score": -7.92
        },
        {
          "name": "Milena",
          "score": -4.07
        },
        {
          "name": "Ana Paula Renault",
          "score": -2.28
        }
      ]
    },
    {
      "name": "Ana Paula Renault",
      "grupo": "Veterano",
      "cluster": 1,
      "avg_received": -0.3699,
      "std_received": 1.9056,
      "contradictions": 0,
      "pos_received": 7.19,
      "top_love": [
        {
          "name": "Milena",
          "score": 1.5
        },
        {
          "name": "Samira",
          "score": 1.3
        },
        {
          "name": "Babu Santana",
          "score": 0.86
        }
      ],
      "top_hate": [
        {
          "name": "Maxiane",
          "score": -6.12
        },
        {
          "name": "Alberto Cowboy",
          "score": -1.46
        },
        {
          "name": "Breno",
          "score": -1.39
        }
      ]
    },
    {
      "name": "Babu Santana",
      "grupo": "Veterano",
      "cluster": 1,
      "avg_received": -0.264,
      "std_received": 2.0775,
      "contradictions": 0,
      "pos_received": 7.555,
      "top_love": [
        {
          "name": "Juliano Floss",
          "score": 1.5
        },
        {
          "name": "Solange Couto",
          "score": 1.5
        },
        {
          "name": "Chaiany",
          "score": 1.0
        }
      ],
      "top_hate": [
        {
          "name": "Jonas Sulzbach",
          "score": -6.38
        },
        {
          "name": "Gabriela",
          "score": -3.37
        },
        {
          "name": "Jordana",
          "score": -1.0
        }
      ]
    },
    {
      "name": "Breno",
      "grupo": "Pipoca",
      "cluster": 1,
      "avg_received": 0.1739,
      "std_received": 1.0955,
      "contradictions": 1,
      "pos_received": 8.35,
      "top_love": [
        {
          "name": "Gabriela",
          "score": 1.3
        },
        {
          "name": "Babu Santana",
          "score": 1.2
        },
        {
          "name": "Maxiane",
          "score": 1.2
        }
      ],
      "top_hate": [
        {
          "name": "Ana Paula Renault",
          "score": -1.96
        },
        {
          "name": "Milena",
          "score": -1.48
        },
        {
          "name": "Alberto Cowboy",
          "score": -1.34
        }
      ]
    },
    {
      "name": "Chaiany",
      "grupo": "Pipoca",
      "cluster": 1,
      "avg_received": 0.2639,
      "std_received": 1.3313,
      "contradictions": 4,
      "pos_received": 10.12,
      "top_love": [
        {
          "name": "Gabriela",
          "score": 2.61
        },
        {
          "name": "Leandro",
          "score": 1.5
        },
        {
          "name": "Babu Santana",
          "score": 1.0
        }
      ],
      "top_hate": [
        {
          "name": "Alberto Cowboy",
          "score": -2.31
        },
        {
          "name": "Jonas Sulzbach",
          "score": -2.03
        },
        {
          "name": "Jordana",
          "score": -1.18
        }
      ]
    },
    {
      "name": "Gabriela",
      "grupo": "Pipoca",
      "cluster": 2,
      "avg_received": -0.6104,
      "std_received": 1.4218,
      "contradictions": 6,
      "pos_received": 5.695,
      "top_love": [
        {
          "name": "Chaiany",
          "score": 1.5
        },
        {
          "name": "Jonas Sulzbach",
          "score": 1.2
        },
        {
          "name": "Alberto Cowboy",
          "score": 1.0
        }
      ],
      "top_hate": [
        {
          "name": "Maxiane",
          "score": -2.49
        },
        {
          "name": "Samira",
          "score": -2.25
        },
        {
          "name": "Leandro",
          "score": -2.1
        }
      ]
    },
    {
      "name": "Jonas Sulzbach",
      "grupo": "Veterano",
      "cluster": 2,
      "avg_received": -1.2386,
      "std_received": 2.3703,
      "contradictions": 0,
      "pos_received": 5.11,
      "top_love": [
        {
          "name": "Alberto Cowboy",
          "score": 1.35
        },
        {
          "name": "Gabriela",
          "score": 1.0
        },
        {
          "name": "Jordana",
          "score": 1.0
        }
      ],
      "top_hate": [
        {
          "name": "Babu Santana",
          "score": -7.18
        },
        {
          "name": "Juliano Floss",
          "score": -4.15
        },
        {
          "name": "Leandro",
          "score": -3.8
        }
      ]
    },
    {
      "name": "Jordana",
      "grupo": "Pipoca",
      "cluster": 2,
      "avg_received": -1.7554,
      "std_received": 2.1852,
      "contradictions": 2,
      "pos_received": 5.53,
      "top_love": [
        {
          "name": "Maxiane",
          "score": 1.38
        },
        {
          "name": "Gabriela",
          "score": 1.15
        },
        {
          "name": "Alberto Cowboy",
          "score": 1.0
        }
      ],
      "top_hate": [
        {
          "name": "Ana Paula Renault",
          "score": -4.76
        },
        {
          "name": "Milena",
          "score": -3.58
        },
        {
          "name": "Babu Santana",
          "score": -3.48
        }
      ]
    },
    {
      "name": "Juliano Floss",
      "grupo": "Camarote",
      "cluster": 1,
      "avg_received": -0.5098,
      "std_received": 1.6009,
      "contradictions": 1,
      "pos_received": 6.21,
      "top_love": [
        {
          "name": "Babu Santana",
          "score": 1.2
        },
        {
          "name": "Chaiany",
          "score": 1.0
        },
        {
          "name": "Leandro",
          "score": 1.0
        }
      ],
      "top_hate": [
        {
          "name": "Marciele",
          "score": -4.1
        },
        {
          "name": "Jonas Sulzbach",
          "score": -2.61
        },
        {
          "name": "Gabriela",
          "score": -1.87
        }
      ]
    },
    {
      "name": "Leandro",
      "grupo": "Pipoca",
      "cluster": 1,
      "avg_received": -1.23,
      "std_received": 2.8372,
      "contradictions": 1,
      "pos_received": 6.01,
      "top_love": [
        {
          "name": "Babu Santana",
          "score": 1.0
        },
        {
          "name": "Chaiany",
          "score": 1.0
        },
        {
          "name": "Juliano Floss",
          "score": 1.0
        }
      ],
      "top_hate": [
        {
          "name": "Alberto Cowboy",
          "score": -9.36
        },
        {
          "name": "Jordana",
          "score": -3.68
        },
        {
          "name": "Gabriela",
          "score": -3.37
        }
      ]
    },
    {
      "name": "Marciele",
      "grupo": "Pipoca",
      "cluster": 2,
      "avg_received": -0.1236,
      "std_received": 1.0571,
      "contradictions": 1,
      "pos_received": 5.78,
      "top_love": [
        {
          "name": "Jordana",
          "score": 1.5
        },
        {
          "name": "Maxiane",
          "score": 1.5
        },
        {
          "name": "Alberto Cowboy",
          "score": 1.2
        }
      ],
      "top_hate": [
        {
          "name": "Ana Paula Renault",
          "score": -1.58
        },
        {
          "name": "Milena",
          "score": -1.55
        },
        {
          "name": "Juliano Floss",
          "score": -1.16
        }
      ]
    },
    {
      "name": "Maxiane",
      "grupo": "Pipoca",
      "cluster": 2,
      "avg_received": -0.484,
      "std_received": 1.3993,
      "contradictions": 2,
      "pos_received": 4.57,
      "top_love": [
        {
          "name": "Marciele",
          "score": 1.5
        },
        {
          "name": "Jordana",
          "score": 1.36
        },
        {
          "name": "Jonas Sulzbach",
          "score": 0.87
        }
      ],
      "top_hate": [
        {
          "name": "Ana Paula Renault",
          "score": -4.16
        },
        {
          "name": "Milena",
          "score": -1.87
        },
        {
          "name": "Babu Santana",
          "score": -1.14
        }
      ]
    },
    {
      "name": "Milena",
      "grupo": "Pipoca",
      "cluster": 1,
      "avg_received": -0.6859,
      "std_received": 2.3745,
      "contradictions": 1,
      "pos_received": 8.004,
      "top_love": [
        {
          "name": "Babu Santana",
          "score": 2.02
        },
        {
          "name": "Juliano Floss",
          "score": 1.82
        },
        {
          "name": "Ana Paula Renault",
          "score": 1.5
        }
      ],
      "top_hate": [
        {
          "name": "Alberto Cowboy",
          "score": -7.54
        },
        {
          "name": "Maxiane",
          "score": -2.28
        },
        {
          "name": "Jonas Sulzbach",
          "score": -2.1
        }
      ]
    },
    {
      "name": "Samira",
      "grupo": "Pipoca",
      "cluster": 1,
      "avg_received": -0.8225,
      "std_received": 1.448,
      "contradictions": 2,
      "pos_received": 3.54,
      "top_love": [
        {
          "name": "Babu Santana",
          "score": 1.0
        },
        {
          "name": "Chaiany",
          "score": 1.0
        },
        {
          "name": "Breno",
          "score": 0.94
        }
      ],
      "top_hate": [
        {
          "name": "Jordana",
          "score": -3.46
        },
        {
          "name": "Maxiane",
          "score": -2.59
        },
        {
          "name": "Marciele",
          "score": -2.5
        }
      ]
    },
    {
      "name": "Solange Couto",
      "grupo": "Camarote",
      "cluster": 1,
      "avg_received": -0.3136,
      "std_received": 1.6002,
      "contradictions": 6,
      "pos_received": 7.24,
      "top_love": [
        {
          "name": "Babu Santana",
          "score": 1.7
        },
        {
          "name": "Chaiany",
          "score": 1.0
        },
        {
          "name": "Juliano Floss",
          "score": 1.0
        }
      ],
      "top_hate": [
        {
          "name": "Maxiane",
          "score": -3.19
        },
        {
          "name": "Jordana",
          "score": -2.68
        },
        {
          "name": "Marciele",
          "score": -2.5
        }
      ]
    }
  ],
  "score_matrix_ordered": [
    [
      0.0,
      1.0,
      1.0,
      1.35,
      1.6,
      1.268,
      0.688,
      1.085,
      0.7075,
      -2.24,
      -6.776,
      -0.66,
      -0.705,
      -0.575,
      -2.6575
    ],
    [
      1.0,
      0.0,
      1.25,
      1.0,
      1.0,
      0.688,
      0.688,
      0.985,
      1.0,
      -2.2025,
      -1.31,
      -0.4925,
      -1.285,
      -0.4475,
      2.055
    ],
    [
      1.0,
      1.25,
      0.0,
      1.0,
      1.0,
      0.688,
      0.688,
      0.985,
      -0.375,
      -3.49,
      -3.355,
      -1.66,
      -8.638,
      -0.615,
      -2.735
    ],
    [
      1.35,
      1.0,
      1.0,
      0.0,
      1.0,
      1.168,
      0.688,
      0.94,
      -1.703,
      -1.6075,
      -3.378,
      -2.63,
      -1.7175,
      -1.105,
      -0.7275
    ],
    [
      1.6,
      1.0,
      1.0,
      1.0,
      0.0,
      -0.72,
      0.28,
      0.895,
      -0.065,
      -2.825,
      -0.105,
      -1.59,
      -1.0,
      -2.165,
      -1.885
    ],
    [
      1.268,
      0.688,
      0.688,
      1.168,
      -0.72,
      0.0,
      1.5,
      -1.33,
      0.485,
      -2.5325,
      -2.042,
      -1.2225,
      -5.805,
      -2.075,
      -0.7595
    ],
    [
      0.688,
      0.688,
      0.688,
      0.688,
      0.28,
      1.5,
      0.0,
      -1.675,
      0.82,
      -3.015,
      -1.712,
      -1.2825,
      -1.872,
      -5.1405,
      -0.572
    ],
    [
      1.085,
      0.985,
      0.985,
      0.94,
      0.895,
      -1.33,
      -1.675,
      0.0,
      0.88,
      -1.6675,
      -0.72,
      0.095,
      -1.335,
      0.395,
      0.94
    ],
    [
      0.7075,
      1.0,
      -0.375,
      -1.703,
      -0.065,
      0.485,
      0.82,
      0.88,
      0.0,
      -3.415,
      -0.6075,
      -1.455,
      -1.5175,
      -1.5,
      -1.55
    ],
    [
      -2.24,
      -2.2025,
      -3.49,
      -1.6075,
      -2.825,
      -2.5325,
      -3.015,
      -1.6675,
      -3.415,
      0.0,
      1.0,
      1.25,
      1.0,
      1.37,
      1.075
    ],
    [
      -6.776,
      -1.31,
      -3.355,
      -3.378,
      -0.105,
      -2.042,
      -1.712,
      -0.72,
      -0.6075,
      1.0,
      0.0,
      1.075,
      1.5,
      0.815,
      1.1
    ],
    [
      -0.66,
      -0.4925,
      -1.66,
      -2.63,
      -1.59,
      -1.2225,
      -1.2825,
      0.095,
      -1.455,
      1.25,
      1.075,
      0.0,
      1.1,
      1.5,
      -0.465
    ],
    [
      -0.705,
      -1.285,
      -8.638,
      -1.7175,
      -1.0,
      -5.805,
      -1.872,
      -1.335,
      -1.5175,
      1.0,
      1.5,
      1.1,
      0.0,
      0.55,
      0.175
    ],
    [
      -0.575,
      -0.4475,
      -0.615,
      -1.105,
      -2.165,
      -2.075,
      -5.1405,
      0.395,
      -1.5,
      1.37,
      0.815,
      1.5,
      0.55,
      0.0,
      -1.025
    ],
    [
      -2.6575,
      2.055,
      -2.735,
      -0.7275,
      -1.885,
      -0.7595,
      -0.572,
      0.94,
      -1.55,
      1.075,
      1.1,
      -0.465,
      0.175,
      -1.025,
      0.0
    ]
  ],
  "vote_matrix_ordered": [
    [
      0.0,
      0.75,
      0.75,
      1.0,
      0.5,
      0.75,
      0.75,
      0.75,
      0.5,
      0.0,
      0.0,
      0.0,
      0.0,
      0.0,
      0.0
    ],
    [
      0.75,
      0.0,
      0.8,
      0.8,
      0.4,
      0.8,
      0.75,
      0.8,
      0.4,
      0.0,
      0.0,
      0.0,
      0.0,
      0.0,
      0.0
    ],
    [
      0.75,
      0.8,
      0.0,
      0.8,
      0.4,
      0.8,
      0.75,
      0.8,
      0.4,
      0.0,
      0.0,
      0.0,
      0.0,
      0.0,
      0.0
    ],
    [
      1.0,
      0.8,
      0.8,
      0.0,
      0.4,
      0.8,
      0.75,
      0.8,
      0.4,
      0.0,
      0.0,
      0.0,
      0.0,
      0.0,
      0.0
    ],
    [
      0.5,
      0.4,
      0.4,
      0.4,
      0.0,
      0.6,
      0.75,
      0.6,
      0.6,
      0.0,
      0.5,
      0.0,
      0.0,
      0.25,
      0.2
    ],
    [
      0.75,
      0.8,
      0.8,
      0.8,
      0.6,
      0.0,
      1.0,
      1.0,
      0.6,
      0.0,
      0.5,
      0.0,
      0.0,
      0.25,
      0.2
    ],
    [
      0.75,
      0.75,
      0.75,
      0.75,
      0.75,
      1.0,
      0.0,
      1.0,
      0.75,
      0.0,
      0.5,
      0.0,
      0.0,
      0.3333,
      0.25
    ],
    [
      0.75,
      0.8,
      0.8,
      0.8,
      0.6,
      1.0,
      1.0,
      0.0,
      0.6,
      0.0,
      0.5,
      0.0,
      0.0,
      0.25,
      0.2
    ],
    [
      0.5,
      0.4,
      0.4,
      0.4,
      0.6,
      0.6,
      0.75,
      0.6,
      0.0,
      0.2,
      1.0,
      0.4,
      0.3333,
      0.5,
      0.4
    ],
    [
      0.0,
      0.0,
      0.0,
      0.0,
      0.0,
      0.0,
      0.0,
      0.0,
      0.2,
      0.0,
      0.5,
      0.6,
      0.6667,
      0.5,
      0.4
    ],
    [
      0.0,
      0.0,
      0.0,
      0.0,
      0.5,
      0.5,
      0.5,
      0.5,
      1.0,
      0.5,
      0.0,
      0.5,
      1.0,
      1.0,
      1.0
    ],
    [
      0.0,
      0.0,
      0.0,
      0.0,
      0.0,
      0.0,
      0.0,
      0.0,
      0.4,
      0.6,
      0.5,
      0.0,
      0.6667,
      0.75,
      0.4
    ],
    [
      0.0,
      0.0,
      0.0,
      0.0,
      0.0,
      0.0,
      0.0,
      0.0,
      0.3333,
      0.6667,
      1.0,
      0.6667,
      0.0,
      0.5,
      0.6667
    ],
    [
      0.0,
      0.0,
      0.0,
      0.0,
      0.25,
      0.25,
      0.3333,
      0.25,
      0.5,
      0.5,
      1.0,
      0.75,
      0.5,
      0.0,
      0.5
    ],
    [
      0.0,
      0.0,
      0.0,
      0.0,
      0.2,
      0.2,
      0.25,
      0.2,
      0.4,
      0.4,
      1.0,
      0.4,
      0.6667,
      0.5,
      0.0
    ]
  ]
}