{
  "_metadata": {
    "generated_at": "2026-03-16T09:40:07.259369+00:00",
    "date": "2026-03-15",
    "week": 9,
    "reference_date": "2026-03-15",
    "n_active": 13,
    "n_clusters": 2,
    "n_paredoes": 8,
    "n_contradictions": 38,
    "n_tensions": 1,
    "silhouette_coefficient": 0.403,
    "resolution_used": 0.5,
    "best_cohesion": {
      "label": 2,
      "name": "Aliança Grupo Misto",
      "score": 1.5267
    },
    "worst_rivalry": {
      "key": "1<>2",
      "score": -5.2314,
      "text": "Frente Grupo Misto vs Aliança Grupo Misto"
    }
  },
  "active_names": [
    "Alberto Cowboy",
    "Ana Paula Renault",
    "Breno",
    "Chaiany",
    "Gabriela",
    "Jonas Sulzbach",
    "Jordana",
    "Juliano Floss",
    "Leandro",
    "Marciele",
    "Milena",
    "Samira",
    "Solange Couto"
  ],
  "cluster_order": [
    "Chaiany",
    "Breno",
    "Juliano Floss",
    "Milena",
    "Samira",
    "Leandro",
    "Ana Paula Renault",
    "Solange Couto",
    "Gabriela",
    "Alberto Cowboy",
    "Jonas Sulzbach",
    "Jordana",
    "Marciele"
  ],
  "communities": [
    {
      "label": 1,
      "name": "Frente Grupo Misto",
      "color": "#e74c3c",
      "members": [
        "Ana Paula Renault",
        "Breno",
        "Chaiany",
        "Gabriela",
        "Juliano Floss",
        "Leandro",
        "Milena",
        "Samira",
        "Solange Couto"
      ],
      "group_composition": {
        "Pipoca": 6,
        "Camarote": 2,
        "Veterano": 1
      },
      "cohesion": -0.7089,
      "best_external": {
        "label": 2,
        "name": "Aliança Grupo Misto",
        "score": -5.2314
      },
      "worst_external": {
        "label": 2,
        "name": "Aliança Grupo Misto",
        "score": -5.2314
      }
    },
    {
      "label": 2,
      "name": "Aliança Grupo Misto",
      "color": "#3498db",
      "members": [
        "Alberto Cowboy",
        "Jonas Sulzbach",
        "Jordana",
        "Marciele"
      ],
      "group_composition": {
        "Veterano": 2,
        "Pipoca": 2
      },
      "cohesion": 1.5267,
      "best_external": {
        "label": 1,
        "name": "Frente Grupo Misto",
        "score": -5.2314
      },
      "worst_external": {
        "label": 1,
        "name": "Frente Grupo Misto",
        "score": -5.2314
      }
    }
  ],
  "inter_cluster": [
    {
      "cluster_a": 1,
      "cluster_b": 2,
      "name_a": "Frente Grupo Misto",
      "name_b": "Aliança Grupo Misto",
      "score_sym": -5.2314,
      "score_a_to_b": -5.6556,
      "score_b_to_a": -4.8073,
      "vote_alignment": 0.1614
    }
  ],
  "polarization": [
    {
      "name": "Alberto Cowboy",
      "grupo": "Veterano",
      "cluster": 2,
      "avg_received": -4.2298,
      "std_received": 4.7585,
      "contradictions": 2,
      "pos_received": 4.95,
      "top_love": [
        {
          "name": "Jonas Sulzbach",
          "score": 2.35
        },
        {
          "name": "Jordana",
          "score": 1.3
        },
        {
          "name": "Marciele",
          "score": 1.3
        }
      ],
      "top_hate": [
        {
          "name": "Leandro",
          "score": -12.08
        },
        {
          "name": "Milena",
          "score": -10.57
        },
        {
          "name": "Breno",
          "score": -9.88
        }
      ]
    },
    {
      "name": "Ana Paula Renault",
      "grupo": "Veterano",
      "cluster": 1,
      "avg_received": -2.1825,
      "std_received": 2.9388,
      "contradictions": 0,
      "pos_received": 6.666,
      "top_love": [
        {
          "name": "Milena",
          "score": 3.31
        },
        {
          "name": "Samira",
          "score": 2.0
        },
        {
          "name": "Juliano Floss",
          "score": 1.36
        }
      ],
      "top_hate": [
        {
          "name": "Jonas Sulzbach",
          "score": -5.56
        },
        {
          "name": "Solange Couto",
          "score": -5.22
        },
        {
          "name": "Alberto Cowboy",
          "score": -4.99
        }
      ]
    },
    {
      "name": "Breno",
      "grupo": "Pipoca",
      "cluster": 1,
      "avg_received": -1.9802,
      "std_received": 3.3368,
      "contradictions": 2,
      "pos_received": 5.74,
      "top_love": [
        {
          "name": "Samira",
          "score": 1.44
        },
        {
          "name": "Solange Couto",
          "score": 1.2
        },
        {
          "name": "Leandro",
          "score": 1.1
        }
      ],
      "top_hate": [
        {
          "name": "Jordana",
          "score": -8.17
        },
        {
          "name": "Alberto Cowboy",
          "score": -7.6
        },
        {
          "name": "Marciele",
          "score": -4.92
        }
      ]
    },
    {
      "name": "Chaiany",
      "grupo": "Pipoca",
      "cluster": 1,
      "avg_received": -0.679,
      "std_received": 2.7985,
      "contradictions": 4,
      "pos_received": 10.25,
      "top_love": [
        {
          "name": "Gabriela",
          "score": 3.31
        },
        {
          "name": "Leandro",
          "score": 2.0
        },
        {
          "name": "Breno",
          "score": 1.5
        }
      ],
      "top_hate": [
        {
          "name": "Jordana",
          "score": -6.6
        },
        {
          "name": "Alberto Cowboy",
          "score": -4.09
        },
        {
          "name": "Ana Paula Renault",
          "score": -3.3
        }
      ]
    },
    {
      "name": "Gabriela",
      "grupo": "Pipoca",
      "cluster": 1,
      "avg_received": -1.2801,
      "std_received": 2.831,
      "contradictions": 10,
      "pos_received": 5.74,
      "top_love": [
        {
          "name": "Chaiany",
          "score": 3.31
        },
        {
          "name": "Jordana",
          "score": 1.1
        },
        {
          "name": "Alberto Cowboy",
          "score": 0.95
        }
      ],
      "top_hate": [
        {
          "name": "Leandro",
          "score": -7.92
        },
        {
          "name": "Solange Couto",
          "score": -5.11
        },
        {
          "name": "Ana Paula Renault",
          "score": -2.23
        }
      ]
    },
    {
      "name": "Jonas Sulzbach",
      "grupo": "Veterano",
      "cluster": 2,
      "avg_received": -3.8353,
      "std_received": 5.0265,
      "contradictions": 1,
      "pos_received": 5.01,
      "top_love": [
        {
          "name": "Alberto Cowboy",
          "score": 3.01
        },
        {
          "name": "Jordana",
          "score": 1.2
        },
        {
          "name": "Solange Couto",
          "score": 0.5
        }
      ],
      "top_hate": [
        {
          "name": "Milena",
          "score": -13.89
        },
        {
          "name": "Juliano Floss",
          "score": -10.41
        },
        {
          "name": "Leandro",
          "score": -7.98
        }
      ]
    },
    {
      "name": "Jordana",
      "grupo": "Pipoca",
      "cluster": 2,
      "avg_received": -4.4603,
      "std_received": 4.8751,
      "contradictions": 5,
      "pos_received": 5.6,
      "top_love": [
        {
          "name": "Alberto Cowboy",
          "score": 1.65
        },
        {
          "name": "Marciele",
          "score": 1.5
        },
        {
          "name": "Gabriela",
          "score": 1.25
        }
      ],
      "top_hate": [
        {
          "name": "Chaiany",
          "score": -13.33
        },
        {
          "name": "Breno",
          "score": -10.24
        },
        {
          "name": "Leandro",
          "score": -8.62
        }
      ]
    },
    {
      "name": "Juliano Floss",
      "grupo": "Camarote",
      "cluster": 1,
      "avg_received": -2.1725,
      "std_received": 3.8996,
      "contradictions": 3,
      "pos_received": 6.78,
      "top_love": [
        {
          "name": "Breno",
          "score": 1.49
        },
        {
          "name": "Leandro",
          "score": 1.3
        },
        {
          "name": "Chaiany",
          "score": 1.1
        }
      ],
      "top_hate": [
        {
          "name": "Marciele",
          "score": -9.2
        },
        {
          "name": "Gabriela",
          "score": -7.17
        },
        {
          "name": "Jonas Sulzbach",
          "score": -7.06
        }
      ]
    },
    {
      "name": "Leandro",
      "grupo": "Pipoca",
      "cluster": 1,
      "avg_received": -3.2893,
      "std_received": 4.0693,
      "contradictions": 0,
      "pos_received": 4.9,
      "top_love": [
        {
          "name": "Solange Couto",
          "score": 1.3
        },
        {
          "name": "Breno",
          "score": 1.2
        },
        {
          "name": "Chaiany",
          "score": 1.2
        }
      ],
      "top_hate": [
        {
          "name": "Alberto Cowboy",
          "score": -9.8
        },
        {
          "name": "Gabriela",
          "score": -7.95
        },
        {
          "name": "Jonas Sulzbach",
          "score": -7.54
        }
      ]
    },
    {
      "name": "Marciele",
      "grupo": "Pipoca",
      "cluster": 2,
      "avg_received": -2.9147,
      "std_received": 3.6814,
      "contradictions": 3,
      "pos_received": 5.21,
      "top_love": [
        {
          "name": "Jordana",
          "score": 2.0
        },
        {
          "name": "Alberto Cowboy",
          "score": 1.55
        },
        {
          "name": "Jonas Sulzbach",
          "score": 0.96
        }
      ],
      "top_hate": [
        {
          "name": "Juliano Floss",
          "score": -10.47
        },
        {
          "name": "Breno",
          "score": -6.92
        },
        {
          "name": "Leandro",
          "score": -5.97
        }
      ]
    },
    {
      "name": "Milena",
      "grupo": "Pipoca",
      "cluster": 1,
      "avg_received": -2.6629,
      "std_received": 5.1826,
      "contradictions": 0,
      "pos_received": 7.156,
      "top_love": [
        {
          "name": "Ana Paula Renault",
          "score": 2.2
        },
        {
          "name": "Juliano Floss",
          "score": 2.12
        },
        {
          "name": "Samira",
          "score": 1.92
        }
      ],
      "top_hate": [
        {
          "name": "Jonas Sulzbach",
          "score": -14.33
        },
        {
          "name": "Alberto Cowboy",
          "score": -12.19
        },
        {
          "name": "Solange Couto",
          "score": -3.81
        }
      ]
    },
    {
      "name": "Samira",
      "grupo": "Pipoca",
      "cluster": 1,
      "avg_received": -1.6639,
      "std_received": 2.4139,
      "contradictions": 4,
      "pos_received": 3.53,
      "top_love": [
        {
          "name": "Breno",
          "score": 1.79
        },
        {
          "name": "Ana Paula Renault",
          "score": 0.84
        },
        {
          "name": "Milena",
          "score": 0.69
        }
      ],
      "top_hate": [
        {
          "name": "Jordana",
          "score": -6.15
        },
        {
          "name": "Marciele",
          "score": -4.51
        },
        {
          "name": "Jonas Sulzbach",
          "score": -4.06
        }
      ]
    },
    {
      "name": "Solange Couto",
      "grupo": "Camarote",
      "cluster": 1,
      "avg_received": -2.7651,
      "std_received": 3.2761,
      "contradictions": 10,
      "pos_received": 3.68,
      "top_love": [
        {
          "name": "Chaiany",
          "score": 1.45
        },
        {
          "name": "Leandro",
          "score": 1.2
        },
        {
          "name": "Breno",
          "score": 1.0
        }
      ],
      "top_hate": [
        {
          "name": "Jordana",
          "score": -8.79
        },
        {
          "name": "Ana Paula Renault",
          "score": -6.5
        },
        {
          "name": "Marciele",
          "score": -6.15
        }
      ]
    }
  ],
  "score_matrix_ordered": [
    [
      0.0,
      1.25,
      1.07,
      -0.762,
      0.45,
      1.6,
      -3.475,
      1.475,
      3.31,
      -2.565,
      -1.925,
      -9.963,
      -2.5013
    ],
    [
      1.25,
      0.0,
      1.245,
      -0.125,
      1.615,
      1.15,
      -4.1905,
      1.1,
      -0.53,
      -8.738,
      -3.3175,
      -9.203,
      -5.92
    ],
    [
      1.07,
      1.245,
      0.0,
      1.543,
      -1.623,
      1.25,
      1.088,
      0.565,
      -4.27,
      -6.3513,
      -8.736,
      -2.73,
      -9.835
    ],
    [
      -0.762,
      -0.125,
      1.543,
      0.0,
      1.305,
      -0.172,
      2.755,
      -3.14,
      -2.8745,
      -11.383,
      -14.111,
      -5.1925,
      -2.525
    ],
    [
      0.45,
      1.615,
      -1.623,
      1.305,
      0.0,
      -1.4,
      1.42,
      -4.045,
      -0.375,
      -3.68,
      -5.003,
      -6.7605,
      -4.18
    ],
    [
      1.6,
      1.15,
      1.25,
      -0.172,
      -1.4,
      0.0,
      -3.4475,
      1.25,
      -7.933,
      -10.938,
      -7.758,
      -7.973,
      -6.098
    ],
    [
      -3.475,
      -4.1905,
      1.088,
      2.755,
      1.42,
      -3.4475,
      0.0,
      -5.8605,
      -1.557,
      -5.802,
      -6.46,
      -2.915,
      -3.4775
    ],
    [
      1.475,
      1.1,
      0.565,
      -3.14,
      -4.045,
      1.25,
      -5.8605,
      0.0,
      -5.1825,
      -1.83,
      -0.715,
      -6.8675,
      -3.665
    ],
    [
      3.31,
      -0.53,
      -4.27,
      -2.8745,
      -0.375,
      -7.933,
      -1.557,
      -5.1825,
      0.0,
      -0.245,
      0.0475,
      1.175,
      -0.19
    ],
    [
      -2.565,
      -8.738,
      -6.3513,
      -11.383,
      -3.68,
      -10.938,
      -5.802,
      -1.83,
      -0.245,
      0.0,
      2.68,
      1.475,
      1.425
    ],
    [
      -1.925,
      -3.3175,
      -8.736,
      -14.111,
      -5.003,
      -7.758,
      -6.46,
      -0.715,
      0.0475,
      2.68,
      0.0,
      1.2,
      0.63
    ],
    [
      -9.963,
      -9.203,
      -2.73,
      -5.1925,
      -6.7605,
      -7.973,
      -2.915,
      -6.8675,
      1.175,
      1.475,
      1.2,
      0.0,
      1.75
    ],
    [
      -2.5013,
      -5.92,
      -9.835,
      -2.525,
      -4.18,
      -6.098,
      -3.4775,
      -3.665,
      -0.19,
      1.425,
      0.63,
      1.75,
      0.0
    ]
  ],
  "vote_matrix_ordered": [
    [
      0.0,
      0.75,
      0.625,
      0.625,
      0.2857,
      0.75,
      0.4286,
      0.5,
      0.0,
      0.0,
      0.0,
      0.0,
      0.0
    ],
    [
      0.75,
      0.0,
      0.75,
      0.875,
      0.5714,
      0.875,
      0.7143,
      0.75,
      0.125,
      0.0,
      0.3333,
      0.0,
      0.0
    ],
    [
      0.625,
      0.75,
      0.0,
      0.625,
      0.5714,
      0.75,
      0.7143,
      0.5,
      0.0,
      0.0,
      0.0,
      0.0,
      0.0
    ],
    [
      0.625,
      0.875,
      0.625,
      0.0,
      0.5714,
      0.75,
      0.8571,
      0.625,
      0.125,
      0.0,
      0.3333,
      0.0,
      0.0
    ],
    [
      0.2857,
      0.5714,
      0.5714,
      0.5714,
      0.0,
      0.4286,
      0.8333,
      0.5714,
      0.2857,
      0.25,
      1.0,
      0.1429,
      0.2857
    ],
    [
      0.75,
      0.875,
      0.75,
      0.75,
      0.4286,
      0.0,
      0.5714,
      0.625,
      0.0,
      0.0,
      0.0,
      0.0,
      0.0
    ],
    [
      0.4286,
      0.7143,
      0.7143,
      0.8571,
      0.8333,
      0.5714,
      0.0,
      0.5714,
      0.1429,
      0.0,
      0.3333,
      0.0,
      0.0
    ],
    [
      0.5,
      0.75,
      0.5,
      0.625,
      0.5714,
      0.625,
      0.5714,
      0.0,
      0.125,
      0.0,
      0.3333,
      0.0,
      0.0
    ],
    [
      0.0,
      0.125,
      0.0,
      0.125,
      0.2857,
      0.0,
      0.1429,
      0.125,
      0.0,
      0.8,
      1.0,
      0.5,
      0.5
    ],
    [
      0.0,
      0.0,
      0.0,
      0.0,
      0.25,
      0.0,
      0.0,
      0.0,
      0.8,
      0.0,
      1.0,
      0.8,
      0.8
    ],
    [
      0.0,
      0.3333,
      0.0,
      0.3333,
      1.0,
      0.0,
      0.3333,
      0.3333,
      1.0,
      1.0,
      0.0,
      0.6667,
      0.6667
    ],
    [
      0.0,
      0.0,
      0.0,
      0.0,
      0.1429,
      0.0,
      0.0,
      0.0,
      0.5,
      0.8,
      0.6667,
      0.0,
      0.75
    ],
    [
      0.0,
      0.0,
      0.0,
      0.0,
      0.2857,
      0.0,
      0.0,
      0.0,
      0.5,
      0.8,
      0.6667,
      0.75,
      0.0
    ]
  ]
}