{
  "_metadata": {
    "generated_at": "2026-03-21T05:27:56.780404+00:00",
    "date": "2026-03-20",
    "week": 10,
    "reference_date": "2026-03-20",
    "n_active": 12,
    "n_clusters": 2,
    "n_paredoes": 9,
    "n_contradictions": 42,
    "n_tensions": 1,
    "silhouette_coefficient": 0.3761,
    "resolution_used": 0.5,
    "best_cohesion": {
      "label": 2,
      "name": "Aliança Grupo Misto",
      "score": 1.5092
    },
    "worst_rivalry": {
      "key": "1<>2",
      "score": -5.2635,
      "text": "Frente Grupo Misto vs Aliança Grupo Misto"
    }
  },
  "active_names": [
    "Alberto Cowboy",
    "Ana Paula Renault",
    "Chaiany",
    "Gabriela",
    "Jonas Sulzbach",
    "Jordana",
    "Juliano Floss",
    "Leandro",
    "Marciele",
    "Milena",
    "Samira",
    "Solange Couto"
  ],
  "cluster_order": [
    "Chaiany",
    "Juliano Floss",
    "Milena",
    "Samira",
    "Leandro",
    "Ana Paula Renault",
    "Solange Couto",
    "Gabriela",
    "Alberto Cowboy",
    "Jonas Sulzbach",
    "Jordana",
    "Marciele"
  ],
  "communities": [
    {
      "label": 1,
      "name": "Frente Grupo Misto",
      "color": "#e74c3c",
      "members": [
        "Ana Paula Renault",
        "Chaiany",
        "Gabriela",
        "Juliano Floss",
        "Leandro",
        "Milena",
        "Samira",
        "Solange Couto"
      ],
      "group_composition": {
        "Pipoca": 5,
        "Camarote": 2,
        "Veterano": 1
      },
      "cohesion": -1.0332,
      "best_external": {
        "label": 2,
        "name": "Aliança Grupo Misto",
        "score": -5.2635
      },
      "worst_external": {
        "label": 2,
        "name": "Aliança Grupo Misto",
        "score": -5.2635
      }
    },
    {
      "label": 2,
      "name": "Aliança Grupo Misto",
      "color": "#3498db",
      "members": [
        "Alberto Cowboy",
        "Jonas Sulzbach",
        "Jordana",
        "Marciele"
      ],
      "group_composition": {
        "Veterano": 2,
        "Pipoca": 2
      },
      "cohesion": 1.5092,
      "best_external": {
        "label": 1,
        "name": "Frente Grupo Misto",
        "score": -5.2635
      },
      "worst_external": {
        "label": 1,
        "name": "Frente Grupo Misto",
        "score": -5.2635
      }
    }
  ],
  "inter_cluster": [
    {
      "cluster_a": 1,
      "cluster_b": 2,
      "name_a": "Frente Grupo Misto",
      "name_b": "Aliança Grupo Misto",
      "score_sym": -5.2635,
      "score_a_to_b": -5.6089,
      "score_b_to_a": -4.9182,
      "vote_alignment": 0.1886
    }
  ],
  "polarization": [
    {
      "name": "Alberto Cowboy",
      "grupo": "Veterano",
      "cluster": 2,
      "avg_received": -4.1294,
      "std_received": 4.9379,
      "contradictions": 2,
      "pos_received": 4.95,
      "top_love": [
        {
          "name": "Jonas Sulzbach",
          "score": 2.35
        },
        {
          "name": "Jordana",
          "score": 1.3
        },
        {
          "name": "Marciele",
          "score": 1.3
        }
      ],
      "top_hate": [
        {
          "name": "Leandro",
          "score": -12.88
        },
        {
          "name": "Milena",
          "score": -11.37
        },
        {
          "name": "Ana Paula Renault",
          "score": -7.84
        }
      ]
    },
    {
      "name": "Ana Paula Renault",
      "grupo": "Veterano",
      "cluster": 1,
      "avg_received": -2.2336,
      "std_received": 3.0931,
      "contradictions": 0,
      "pos_received": 6.666,
      "top_love": [
        {
          "name": "Milena",
          "score": 3.31
        },
        {
          "name": "Samira",
          "score": 2.0
        },
        {
          "name": "Juliano Floss",
          "score": 1.36
        }
      ],
      "top_hate": [
        {
          "name": "Alberto Cowboy",
          "score": -7.16
        },
        {
          "name": "Jonas Sulzbach",
          "score": -5.62
        },
        {
          "name": "Solange Couto",
          "score": -4.13
        }
      ]
    },
    {
      "name": "Chaiany",
      "grupo": "Pipoca",
      "cluster": 1,
      "avg_received": -0.994,
      "std_received": 2.8351,
      "contradictions": 5,
      "pos_received": 8.01,
      "top_love": [
        {
          "name": "Gabriela",
          "score": 3.31
        },
        {
          "name": "Leandro",
          "score": 2.0
        },
        {
          "name": "Juliano Floss",
          "score": 1.1
        }
      ],
      "top_hate": [
        {
          "name": "Jordana",
          "score": -6.44
        },
        {
          "name": "Alberto Cowboy",
          "score": -4.8
        },
        {
          "name": "Ana Paula Renault",
          "score": -3.27
        }
      ]
    },
    {
      "name": "Gabriela",
      "grupo": "Pipoca",
      "cluster": 1,
      "avg_received": -2.0528,
      "std_received": 3.2057,
      "contradictions": 8,
      "pos_received": 4.74,
      "top_love": [
        {
          "name": "Chaiany",
          "score": 3.31
        },
        {
          "name": "Alberto Cowboy",
          "score": 0.95
        },
        {
          "name": "Jordana",
          "score": 0.48
        }
      ],
      "top_hate": [
        {
          "name": "Leandro",
          "score": -8.72
        },
        {
          "name": "Solange Couto",
          "score": -6.7
        },
        {
          "name": "Milena",
          "score": -3.26
        }
      ]
    },
    {
      "name": "Jonas Sulzbach",
      "grupo": "Veterano",
      "cluster": 2,
      "avg_received": -3.9166,
      "std_received": 5.0486,
      "contradictions": 1,
      "pos_received": 4.825,
      "top_love": [
        {
          "name": "Alberto Cowboy",
          "score": 3.01
        },
        {
          "name": "Jordana",
          "score": 1.2
        },
        {
          "name": "Marciele",
          "score": 0.61
        }
      ],
      "top_hate": [
        {
          "name": "Milena",
          "score": -13.89
        },
        {
          "name": "Juliano Floss",
          "score": -9.86
        },
        {
          "name": "Leandro",
          "score": -8.3
        }
      ]
    },
    {
      "name": "Jordana",
      "grupo": "Pipoca",
      "cluster": 2,
      "avg_received": -4.0652,
      "std_received": 4.522,
      "contradictions": 7,
      "pos_received": 3.455,
      "top_love": [
        {
          "name": "Alberto Cowboy",
          "score": 1.65
        },
        {
          "name": "Jonas Sulzbach",
          "score": 1.2
        },
        {
          "name": "Gabriela",
          "score": 0.35
        }
      ],
      "top_hate": [
        {
          "name": "Chaiany",
          "score": -13.59
        },
        {
          "name": "Leandro",
          "score": -7.93
        },
        {
          "name": "Milena",
          "score": -7.5
        }
      ]
    },
    {
      "name": "Juliano Floss",
      "grupo": "Camarote",
      "cluster": 1,
      "avg_received": -2.6991,
      "std_received": 4.1038,
      "contradictions": 4,
      "pos_received": 5.29,
      "top_love": [
        {
          "name": "Leandro",
          "score": 1.3
        },
        {
          "name": "Chaiany",
          "score": 1.1
        },
        {
          "name": "Solange Couto",
          "score": 1.1
        }
      ],
      "top_hate": [
        {
          "name": "Marciele",
          "score": -9.2
        },
        {
          "name": "Alberto Cowboy",
          "score": -7.83
        },
        {
          "name": "Gabriela",
          "score": -7.37
        }
      ]
    },
    {
      "name": "Leandro",
      "grupo": "Pipoca",
      "cluster": 1,
      "avg_received": -3.781,
      "std_received": 4.176,
      "contradictions": 2,
      "pos_received": 3.7,
      "top_love": [
        {
          "name": "Solange Couto",
          "score": 1.3
        },
        {
          "name": "Chaiany",
          "score": 1.2
        },
        {
          "name": "Juliano Floss",
          "score": 1.2
        }
      ],
      "top_hate": [
        {
          "name": "Alberto Cowboy",
          "score": -10.71
        },
        {
          "name": "Gabriela",
          "score": -8.27
        },
        {
          "name": "Jonas Sulzbach",
          "score": -8.25
        }
      ]
    },
    {
      "name": "Marciele",
      "grupo": "Pipoca",
      "cluster": 2,
      "avg_received": -2.5592,
      "std_received": 3.7803,
      "contradictions": 5,
      "pos_received": 5.93,
      "top_love": [
        {
          "name": "Jordana",
          "score": 2.15
        },
        {
          "name": "Alberto Cowboy",
          "score": 1.55
        },
        {
          "name": "Jonas Sulzbach",
          "score": 1.53
        }
      ],
      "top_hate": [
        {
          "name": "Juliano Floss",
          "score": -10.54
        },
        {
          "name": "Leandro",
          "score": -5.97
        },
        {
          "name": "Ana Paula Renault",
          "score": -5.88
        }
      ]
    },
    {
      "name": "Milena",
      "grupo": "Pipoca",
      "cluster": 1,
      "avg_received": -3.0059,
      "std_received": 5.51,
      "contradictions": 0,
      "pos_received": 7.002,
      "top_love": [
        {
          "name": "Ana Paula Renault",
          "score": 2.2
        },
        {
          "name": "Juliano Floss",
          "score": 2.12
        },
        {
          "name": "Samira",
          "score": 1.92
        }
      ],
      "top_hate": [
        {
          "name": "Jonas Sulzbach",
          "score": -14.42
        },
        {
          "name": "Alberto Cowboy",
          "score": -13.08
        },
        {
          "name": "Gabriela",
          "score": -3.86
        }
      ]
    },
    {
      "name": "Samira",
      "grupo": "Pipoca",
      "cluster": 1,
      "avg_received": -1.7243,
      "std_received": 2.2023,
      "contradictions": 7,
      "pos_received": 2.29,
      "top_love": [
        {
          "name": "Ana Paula Renault",
          "score": 0.84
        },
        {
          "name": "Leandro",
          "score": 0.72
        },
        {
          "name": "Milena",
          "score": 0.69
        }
      ],
      "top_hate": [
        {
          "name": "Jordana",
          "score": -5.61
        },
        {
          "name": "Marciele",
          "score": -4.65
        },
        {
          "name": "Solange Couto",
          "score": -3.42
        }
      ]
    },
    {
      "name": "Solange Couto",
      "grupo": "Camarote",
      "cluster": 1,
      "avg_received": -3.0765,
      "std_received": 3.2083,
      "contradictions": 9,
      "pos_received": 2.36,
      "top_love": [
        {
          "name": "Leandro",
          "score": 1.2
        },
        {
          "name": "Chaiany",
          "score": 1.13
        },
        {
          "name": "Juliano Floss",
          "score": 0.03
        }
      ],
      "top_hate": [
        {
          "name": "Jordana",
          "score": -8.57
        },
        {
          "name": "Ana Paula Renault",
          "score": -6.5
        },
        {
          "name": "Gabriela",
          "score": -6.34
        }
      ]
    }
  ],
  "score_matrix_ordered": [
    [
      0.0,
      1.1,
      -1.027,
      0.45,
      1.6,
      -3.385,
      0.915,
      3.31,
      -3.5,
      -1.97,
      -10.013,
      -2.2437
    ],
    [
      1.1,
      0.0,
      1.543,
      -1.563,
      1.25,
      1.088,
      0.565,
      -4.77,
      -7.4863,
      -8.5235,
      -2.7925,
      -9.8725
    ],
    [
      -1.027,
      1.543,
      0.0,
      1.305,
      -0.097,
      2.755,
      -3.21,
      -3.562,
      -12.228,
      -14.156,
      -5.23,
      -2.525
    ],
    [
      0.45,
      -1.563,
      1.305,
      0.0,
      -0.305,
      1.42,
      -3.2725,
      -0.815,
      -3.66,
      -3.843,
      -6.098,
      -4.26
    ],
    [
      1.6,
      1.25,
      -0.097,
      -0.305,
      0.0,
      -3.08,
      1.25,
      -8.493,
      -11.793,
      -8.273,
      -7.358,
      -5.9555
    ],
    [
      -3.385,
      1.088,
      2.755,
      1.42,
      -3.08,
      0.0,
      -5.313,
      -2.067,
      -7.5045,
      -6.2925,
      -3.3675,
      -4.73
    ],
    [
      0.915,
      0.565,
      -3.21,
      -3.2725,
      1.25,
      -5.313,
      0.0,
      -6.52,
      -1.83,
      -0.83,
      -6.8525,
      -3.74
    ],
    [
      3.31,
      -4.77,
      -3.562,
      -0.815,
      -8.493,
      -2.067,
      -6.52,
      0.0,
      -0.245,
      -1.485,
      0.415,
      -0.19
    ],
    [
      -3.5,
      -7.4863,
      -12.228,
      -3.66,
      -11.793,
      -7.5045,
      -1.83,
      -0.245,
      0.0,
      2.68,
      1.475,
      1.425
    ],
    [
      -1.97,
      -8.5235,
      -14.156,
      -3.843,
      -8.273,
      -6.2925,
      -0.83,
      -1.485,
      2.68,
      0.0,
      1.2,
      1.0725
    ],
    [
      -10.013,
      -2.7925,
      -5.23,
      -6.098,
      -7.358,
      -3.3675,
      -6.8525,
      0.415,
      1.475,
      1.2,
      0.0,
      1.2025
    ],
    [
      -2.2437,
      -9.8725,
      -2.525,
      -4.26,
      -5.9555,
      -4.73,
      -3.74,
      -0.19,
      1.425,
      1.0725,
      1.2025,
      0.0
    ]
  ],
  "vote_matrix_ordered": [
    [
      0.0,
      0.5556,
      0.5556,
      0.25,
      0.6667,
      0.375,
      0.4444,
      0.0,
      0.0,
      0.0,
      0.0,
      0.0
    ],
    [
      0.5556,
      0.0,
      0.6667,
      0.5,
      0.6667,
      0.625,
      0.4444,
      0.0,
      0.0,
      0.0,
      0.0,
      0.0
    ],
    [
      0.5556,
      0.6667,
      0.0,
      0.5,
      0.6667,
      0.75,
      0.5556,
      0.1111,
      0.0,
      0.25,
      0.0,
      0.0
    ],
    [
      0.25,
      0.5,
      0.5,
      0.0,
      0.375,
      0.8571,
      0.5,
      0.375,
      0.25,
      1.0,
      0.25,
      0.375
    ],
    [
      0.6667,
      0.6667,
      0.6667,
      0.375,
      0.0,
      0.5,
      0.6667,
      0.0,
      0.0,
      0.0,
      0.0,
      0.0
    ],
    [
      0.375,
      0.625,
      0.75,
      0.8571,
      0.5,
      0.0,
      0.5,
      0.25,
      0.0,
      0.5,
      0.125,
      0.125
    ],
    [
      0.4444,
      0.4444,
      0.5556,
      0.5,
      0.6667,
      0.5,
      0.0,
      0.1111,
      0.0,
      0.25,
      0.0,
      0.0
    ],
    [
      0.0,
      0.0,
      0.1111,
      0.375,
      0.0,
      0.25,
      0.1111,
      0.0,
      0.8,
      1.0,
      0.5556,
      0.5556
    ],
    [
      0.0,
      0.0,
      0.0,
      0.25,
      0.0,
      0.0,
      0.0,
      0.8,
      0.0,
      1.0,
      0.8,
      0.8
    ],
    [
      0.0,
      0.0,
      0.25,
      1.0,
      0.0,
      0.5,
      0.25,
      1.0,
      1.0,
      0.0,
      0.75,
      0.75
    ],
    [
      0.0,
      0.0,
      0.0,
      0.25,
      0.0,
      0.125,
      0.0,
      0.5556,
      0.8,
      0.75,
      0.0,
      0.7778
    ],
    [
      0.0,
      0.0,
      0.0,
      0.375,
      0.0,
      0.125,
      0.0,
      0.5556,
      0.8,
      0.75,
      0.7778,
      0.0
    ]
  ]
}