{
  "_metadata": {
    "generated_at": "2026-03-17T04:37:12.180188+00:00",
    "date": "2026-03-16",
    "week": 9,
    "reference_date": "2026-03-16",
    "n_active": 13,
    "n_clusters": 2,
    "n_paredoes": 8,
    "n_contradictions": 45,
    "n_tensions": 1,
    "silhouette_coefficient": 0.4148,
    "resolution_used": 0.5,
    "best_cohesion": {
      "label": 2,
      "name": "Grupo Misto",
      "score": 1.4679
    },
    "worst_rivalry": {
      "key": "1<>2",
      "score": -5.4524,
      "text": "Frente Grupo Misto vs Grupo Misto"
    }
  },
  "active_names": [
    "Alberto Cowboy",
    "Ana Paula Renault",
    "Breno",
    "Chaiany",
    "Gabriela",
    "Jonas Sulzbach",
    "Jordana",
    "Juliano Floss",
    "Leandro",
    "Marciele",
    "Milena",
    "Samira",
    "Solange Couto"
  ],
  "cluster_order": [
    "Chaiany",
    "Breno",
    "Juliano Floss",
    "Milena",
    "Samira",
    "Leandro",
    "Ana Paula Renault",
    "Solange Couto",
    "Gabriela",
    "Alberto Cowboy",
    "Jordana",
    "Jonas Sulzbach",
    "Marciele"
  ],
  "communities": [
    {
      "label": 1,
      "name": "Frente Grupo Misto",
      "color": "#e74c3c",
      "members": [
        "Ana Paula Renault",
        "Breno",
        "Chaiany",
        "Gabriela",
        "Juliano Floss",
        "Leandro",
        "Milena",
        "Samira",
        "Solange Couto"
      ],
      "group_composition": {
        "Pipoca": 6,
        "Camarote": 2,
        "Veterano": 1
      },
      "cohesion": -0.7639,
      "best_external": {
        "label": 2,
        "name": "Grupo Misto",
        "score": -5.4524
      },
      "worst_external": {
        "label": 2,
        "name": "Grupo Misto",
        "score": -5.4524
      }
    },
    {
      "label": 2,
      "name": "Grupo Misto",
      "color": "#3498db",
      "members": [
        "Alberto Cowboy",
        "Jonas Sulzbach",
        "Jordana",
        "Marciele"
      ],
      "group_composition": {
        "Veterano": 2,
        "Pipoca": 2
      },
      "cohesion": 1.4679,
      "best_external": {
        "label": 1,
        "name": "Frente Grupo Misto",
        "score": -5.4524
      },
      "worst_external": {
        "label": 1,
        "name": "Frente Grupo Misto",
        "score": -5.4524
      }
    }
  ],
  "inter_cluster": [
    {
      "cluster_a": 1,
      "cluster_b": 2,
      "name_a": "Frente Grupo Misto",
      "name_b": "Grupo Misto",
      "score_sym": -5.4524,
      "score_a_to_b": -5.9303,
      "score_b_to_a": -4.9745,
      "vote_alignment": 0.1614
    }
  ],
  "polarization": [
    {
      "name": "Alberto Cowboy",
      "grupo": "Veterano",
      "cluster": 2,
      "avg_received": -4.7807,
      "std_received": 5.1019,
      "contradictions": 6,
      "pos_received": 4.95,
      "top_love": [
        {
          "name": "Jonas Sulzbach",
          "score": 2.35
        },
        {
          "name": "Jordana",
          "score": 1.3
        },
        {
          "name": "Marciele",
          "score": 1.3
        }
      ],
      "top_hate": [
        {
          "name": "Leandro",
          "score": -12.88
        },
        {
          "name": "Milena",
          "score": -11.37
        },
        {
          "name": "Breno",
          "score": -10.68
        }
      ]
    },
    {
      "name": "Ana Paula Renault",
      "grupo": "Veterano",
      "cluster": 1,
      "avg_received": -2.3392,
      "std_received": 2.9536,
      "contradictions": 0,
      "pos_received": 6.666,
      "top_love": [
        {
          "name": "Milena",
          "score": 3.31
        },
        {
          "name": "Samira",
          "score": 2.0
        },
        {
          "name": "Juliano Floss",
          "score": 1.36
        }
      ],
      "top_hate": [
        {
          "name": "Alberto Cowboy",
          "score": -5.72
        },
        {
          "name": "Jonas Sulzbach",
          "score": -5.59
        },
        {
          "name": "Breno",
          "score": -4.94
        }
      ]
    },
    {
      "name": "Breno",
      "grupo": "Pipoca",
      "cluster": 1,
      "avg_received": -1.941,
      "std_received": 3.3115,
      "contradictions": 3,
      "pos_received": 5.77,
      "top_love": [
        {
          "name": "Samira",
          "score": 1.47
        },
        {
          "name": "Solange Couto",
          "score": 1.2
        },
        {
          "name": "Leandro",
          "score": 1.1
        }
      ],
      "top_hate": [
        {
          "name": "Jordana",
          "score": -7.94
        },
        {
          "name": "Alberto Cowboy",
          "score": -7.53
        },
        {
          "name": "Marciele",
          "score": -4.92
        }
      ]
    },
    {
      "name": "Chaiany",
      "grupo": "Pipoca",
      "cluster": 1,
      "avg_received": -0.7753,
      "std_received": 2.7072,
      "contradictions": 5,
      "pos_received": 9.48,
      "top_love": [
        {
          "name": "Gabriela",
          "score": 3.31
        },
        {
          "name": "Leandro",
          "score": 2.0
        },
        {
          "name": "Breno",
          "score": 1.5
        }
      ],
      "top_hate": [
        {
          "name": "Jordana",
          "score": -6.09
        },
        {
          "name": "Alberto Cowboy",
          "score": -4.11
        },
        {
          "name": "Ana Paula Renault",
          "score": -3.3
        }
      ]
    },
    {
      "name": "Gabriela",
      "grupo": "Pipoca",
      "cluster": 1,
      "avg_received": -1.8063,
      "std_received": 3.1674,
      "contradictions": 8,
      "pos_received": 5.36,
      "top_love": [
        {
          "name": "Chaiany",
          "score": 3.31
        },
        {
          "name": "Jordana",
          "score": 1.1
        },
        {
          "name": "Alberto Cowboy",
          "score": 0.95
        }
      ],
      "top_hate": [
        {
          "name": "Leandro",
          "score": -8.72
        },
        {
          "name": "Solange Couto",
          "score": -6.88
        },
        {
          "name": "Milena",
          "score": -2.93
        }
      ]
    },
    {
      "name": "Jonas Sulzbach",
      "grupo": "Veterano",
      "cluster": 2,
      "avg_received": -3.9548,
      "std_received": 4.9705,
      "contradictions": 1,
      "pos_received": 4.71,
      "top_love": [
        {
          "name": "Alberto Cowboy",
          "score": 3.01
        },
        {
          "name": "Jordana",
          "score": 1.2
        },
        {
          "name": "Solange Couto",
          "score": 0.5
        }
      ],
      "top_hate": [
        {
          "name": "Milena",
          "score": -13.89
        },
        {
          "name": "Juliano Floss",
          "score": -10.44
        },
        {
          "name": "Leandro",
          "score": -8.3
        }
      ]
    },
    {
      "name": "Jordana",
      "grupo": "Pipoca",
      "cluster": 2,
      "avg_received": -4.4911,
      "std_received": 4.8151,
      "contradictions": 5,
      "pos_received": 5.6,
      "top_love": [
        {
          "name": "Alberto Cowboy",
          "score": 1.65
        },
        {
          "name": "Marciele",
          "score": 1.5
        },
        {
          "name": "Gabriela",
          "score": 1.25
        }
      ],
      "top_hate": [
        {
          "name": "Chaiany",
          "score": -13.15
        },
        {
          "name": "Breno",
          "score": -10.24
        },
        {
          "name": "Leandro",
          "score": -8.62
        }
      ]
    },
    {
      "name": "Juliano Floss",
      "grupo": "Camarote",
      "cluster": 1,
      "avg_received": -2.2988,
      "std_received": 3.978,
      "contradictions": 4,
      "pos_received": 6.78,
      "top_love": [
        {
          "name": "Breno",
          "score": 1.49
        },
        {
          "name": "Leandro",
          "score": 1.3
        },
        {
          "name": "Chaiany",
          "score": 1.1
        }
      ],
      "top_hate": [
        {
          "name": "Marciele",
          "score": -9.2
        },
        {
          "name": "Jonas Sulzbach",
          "score": -7.19
        },
        {
          "name": "Gabriela",
          "score": -7.04
        }
      ]
    },
    {
      "name": "Leandro",
      "grupo": "Pipoca",
      "cluster": 1,
      "avg_received": -3.3009,
      "std_received": 4.1849,
      "contradictions": 2,
      "pos_received": 5.035,
      "top_love": [
        {
          "name": "Solange Couto",
          "score": 1.3
        },
        {
          "name": "Breno",
          "score": 1.2
        },
        {
          "name": "Chaiany",
          "score": 1.2
        }
      ],
      "top_hate": [
        {
          "name": "Alberto Cowboy",
          "score": -9.64
        },
        {
          "name": "Gabriela",
          "score": -8.27
        },
        {
          "name": "Jonas Sulzbach",
          "score": -8.25
        }
      ]
    },
    {
      "name": "Marciele",
      "grupo": "Pipoca",
      "cluster": 2,
      "avg_received": -3.0963,
      "std_received": 3.6953,
      "contradictions": 7,
      "pos_received": 4.82,
      "top_love": [
        {
          "name": "Jordana",
          "score": 2.0
        },
        {
          "name": "Alberto Cowboy",
          "score": 1.55
        },
        {
          "name": "Gabriela",
          "score": 0.7
        }
      ],
      "top_hate": [
        {
          "name": "Juliano Floss",
          "score": -10.48
        },
        {
          "name": "Breno",
          "score": -6.92
        },
        {
          "name": "Leandro",
          "score": -5.97
        }
      ]
    },
    {
      "name": "Milena",
      "grupo": "Pipoca",
      "cluster": 1,
      "avg_received": -2.5883,
      "std_received": 5.2105,
      "contradictions": 0,
      "pos_received": 7.802,
      "top_love": [
        {
          "name": "Ana Paula Renault",
          "score": 2.2
        },
        {
          "name": "Juliano Floss",
          "score": 2.12
        },
        {
          "name": "Samira",
          "score": 1.92
        }
      ],
      "top_hate": [
        {
          "name": "Jonas Sulzbach",
          "score": -14.36
        },
        {
          "name": "Alberto Cowboy",
          "score": -12.12
        },
        {
          "name": "Gabriela",
          "score": -3.86
        }
      ]
    },
    {
      "name": "Samira",
      "grupo": "Pipoca",
      "cluster": 1,
      "avg_received": -1.7198,
      "std_received": 2.3846,
      "contradictions": 6,
      "pos_received": 3.35,
      "top_love": [
        {
          "name": "Breno",
          "score": 1.82
        },
        {
          "name": "Ana Paula Renault",
          "score": 0.84
        },
        {
          "name": "Milena",
          "score": 0.69
        }
      ],
      "top_hate": [
        {
          "name": "Jordana",
          "score": -5.85
        },
        {
          "name": "Marciele",
          "score": -4.84
        },
        {
          "name": "Jonas Sulzbach",
          "score": -3.8
        }
      ]
    },
    {
      "name": "Solange Couto",
      "grupo": "Camarote",
      "cluster": 1,
      "avg_received": -2.7376,
      "std_received": 3.3519,
      "contradictions": 11,
      "pos_received": 4.02,
      "top_love": [
        {
          "name": "Leandro",
          "score": 1.2
        },
        {
          "name": "Chaiany",
          "score": 1.13
        },
        {
          "name": "Breno",
          "score": 1.0
        }
      ],
      "top_hate": [
        {
          "name": "Jordana",
          "score": -8.63
        },
        {
          "name": "Ana Paula Renault",
          "score": -6.5
        },
        {
          "name": "Gabriela",
          "score": -6.37
        }
      ]
    }
  ],
  "score_matrix_ordered": [
    [
      0.0,
      1.25,
      1.085,
      -0.732,
      0.45,
      1.6,
      -3.46,
      0.915,
      3.31,
      -3.095,
      -9.6205,
      -2.1275,
      -2.9188
    ],
    [
      1.25,
      0.0,
      1.245,
      0.185,
      1.645,
      1.15,
      -4.218,
      1.1,
      -0.64,
      -9.103,
      -9.088,
      -3.385,
      -5.92
    ],
    [
      1.085,
      1.245,
      0.0,
      1.543,
      -1.593,
      1.25,
      1.088,
      0.895,
      -4.3725,
      -7.2763,
      -3.3125,
      -8.816,
      -9.8425
    ],
    [
      -0.732,
      0.185,
      1.543,
      0.0,
      1.305,
      0.3905,
      2.755,
      -3.065,
      -3.397,
      -11.748,
      -4.995,
      -14.126,
      -2.525
    ],
    [
      0.45,
      1.645,
      -1.593,
      1.305,
      0.0,
      -1.25,
      1.42,
      -4.0525,
      -0.905,
      -4.405,
      -6.278,
      -4.853,
      -4.1775
    ],
    [
      1.6,
      1.15,
      1.25,
      0.3905,
      -1.25,
      0.0,
      -3.125,
      1.25,
      -8.493,
      -11.2605,
      -7.9805,
      -8.273,
      -6.098
    ],
    [
      -3.46,
      -4.218,
      1.088,
      2.755,
      1.42,
      -3.125,
      0.0,
      -5.688,
      -1.722,
      -6.792,
      -3.425,
      -6.405,
      -4.665
    ],
    [
      0.915,
      1.1,
      0.895,
      -3.065,
      -4.0525,
      1.25,
      -5.688,
      0.0,
      -6.62,
      -1.83,
      -7.03,
      -0.385,
      -3.755
    ],
    [
      3.31,
      -0.64,
      -4.3725,
      -3.397,
      -0.905,
      -8.493,
      -1.722,
      -6.62,
      0.0,
      -0.245,
      1.175,
      -1.515,
      -0.19
    ],
    [
      -3.095,
      -9.103,
      -7.2763,
      -11.748,
      -4.405,
      -11.2605,
      -6.792,
      -1.83,
      -0.245,
      0.0,
      1.475,
      2.68,
      1.425
    ],
    [
      -9.6205,
      -9.088,
      -3.3125,
      -4.995,
      -6.278,
      -7.9805,
      -3.425,
      -7.03,
      1.175,
      1.475,
      0.0,
      1.2,
      1.75
    ],
    [
      -2.1275,
      -3.385,
      -8.816,
      -14.126,
      -4.853,
      -8.273,
      -6.405,
      -0.385,
      -1.515,
      2.68,
      1.2,
      0.0,
      0.2775
    ],
    [
      -2.9188,
      -5.92,
      -9.8425,
      -2.525,
      -4.1775,
      -6.098,
      -4.665,
      -3.755,
      -0.19,
      1.425,
      1.75,
      0.2775,
      0.0
    ]
  ],
  "vote_matrix_ordered": [
    [
      0.0,
      0.75,
      0.625,
      0.625,
      0.2857,
      0.75,
      0.4286,
      0.5,
      0.0,
      0.0,
      0.0,
      0.0,
      0.0
    ],
    [
      0.75,
      0.0,
      0.75,
      0.875,
      0.5714,
      0.875,
      0.7143,
      0.75,
      0.125,
      0.0,
      0.0,
      0.3333,
      0.0
    ],
    [
      0.625,
      0.75,
      0.0,
      0.625,
      0.5714,
      0.75,
      0.7143,
      0.5,
      0.0,
      0.0,
      0.0,
      0.0,
      0.0
    ],
    [
      0.625,
      0.875,
      0.625,
      0.0,
      0.5714,
      0.75,
      0.8571,
      0.625,
      0.125,
      0.0,
      0.0,
      0.3333,
      0.0
    ],
    [
      0.2857,
      0.5714,
      0.5714,
      0.5714,
      0.0,
      0.4286,
      0.8333,
      0.5714,
      0.2857,
      0.25,
      0.1429,
      1.0,
      0.2857
    ],
    [
      0.75,
      0.875,
      0.75,
      0.75,
      0.4286,
      0.0,
      0.5714,
      0.625,
      0.0,
      0.0,
      0.0,
      0.0,
      0.0
    ],
    [
      0.4286,
      0.7143,
      0.7143,
      0.8571,
      0.8333,
      0.5714,
      0.0,
      0.5714,
      0.1429,
      0.0,
      0.0,
      0.3333,
      0.0
    ],
    [
      0.5,
      0.75,
      0.5,
      0.625,
      0.5714,
      0.625,
      0.5714,
      0.0,
      0.125,
      0.0,
      0.0,
      0.3333,
      0.0
    ],
    [
      0.0,
      0.125,
      0.0,
      0.125,
      0.2857,
      0.0,
      0.1429,
      0.125,
      0.0,
      0.8,
      0.5,
      1.0,
      0.5
    ],
    [
      0.0,
      0.0,
      0.0,
      0.0,
      0.25,
      0.0,
      0.0,
      0.0,
      0.8,
      0.0,
      0.8,
      1.0,
      0.8
    ],
    [
      0.0,
      0.0,
      0.0,
      0.0,
      0.1429,
      0.0,
      0.0,
      0.0,
      0.5,
      0.8,
      0.0,
      0.6667,
      0.75
    ],
    [
      0.0,
      0.3333,
      0.0,
      0.3333,
      1.0,
      0.0,
      0.3333,
      0.3333,
      1.0,
      1.0,
      0.6667,
      0.0,
      0.6667
    ],
    [
      0.0,
      0.0,
      0.0,
      0.0,
      0.2857,
      0.0,
      0.0,
      0.0,
      0.5,
      0.8,
      0.75,
      0.6667,
      0.0
    ]
  ]
}