{
  "_metadata": {
    "generated_at": "2026-03-12T04:03:13.175846+00:00",
    "date": "2026-03-11",
    "week": 8,
    "reference_date": "2026-03-11",
    "n_active": 13,
    "n_clusters": 2,
    "n_paredoes": 8,
    "n_contradictions": 33,
    "n_tensions": 1,
    "silhouette_coefficient": 0.4172,
    "resolution_used": 0.5,
    "best_cohesion": {
      "label": 2,
      "name": "Aliança Grupo Misto",
      "score": 1.6592
    },
    "worst_rivalry": {
      "key": "1<>2",
      "score": -4.6043,
      "text": "Frente Grupo Misto vs Aliança Grupo Misto"
    }
  },
  "active_names": [
    "Alberto Cowboy",
    "Ana Paula Renault",
    "Breno",
    "Chaiany",
    "Gabriela",
    "Jonas Sulzbach",
    "Jordana",
    "Juliano Floss",
    "Leandro",
    "Marciele",
    "Milena",
    "Samira",
    "Solange Couto"
  ],
  "cluster_order": [
    "Chaiany",
    "Breno",
    "Juliano Floss",
    "Leandro",
    "Samira",
    "Ana Paula Renault",
    "Milena",
    "Solange Couto",
    "Gabriela",
    "Alberto Cowboy",
    "Jonas Sulzbach",
    "Marciele",
    "Jordana"
  ],
  "communities": [
    {
      "label": 1,
      "name": "Frente Grupo Misto",
      "color": "#e74c3c",
      "members": [
        "Ana Paula Renault",
        "Breno",
        "Chaiany",
        "Gabriela",
        "Juliano Floss",
        "Leandro",
        "Milena",
        "Samira",
        "Solange Couto"
      ],
      "group_composition": {
        "Pipoca": 6,
        "Camarote": 2,
        "Veterano": 1
      },
      "cohesion": -0.3679,
      "best_external": {
        "label": 2,
        "name": "Aliança Grupo Misto",
        "score": -4.6043
      },
      "worst_external": {
        "label": 2,
        "name": "Aliança Grupo Misto",
        "score": -4.6043
      }
    },
    {
      "label": 2,
      "name": "Aliança Grupo Misto",
      "color": "#3498db",
      "members": [
        "Alberto Cowboy",
        "Jonas Sulzbach",
        "Jordana",
        "Marciele"
      ],
      "group_composition": {
        "Veterano": 2,
        "Pipoca": 2
      },
      "cohesion": 1.6592,
      "best_external": {
        "label": 1,
        "name": "Frente Grupo Misto",
        "score": -4.6043
      },
      "worst_external": {
        "label": 1,
        "name": "Frente Grupo Misto",
        "score": -4.6043
      }
    }
  ],
  "inter_cluster": [
    {
      "cluster_a": 1,
      "cluster_b": 2,
      "name_a": "Frente Grupo Misto",
      "name_b": "Aliança Grupo Misto",
      "score_sym": -4.6043,
      "score_a_to_b": -4.9335,
      "score_b_to_a": -4.2751,
      "vote_alignment": 0.1614
    }
  ],
  "polarization": [
    {
      "name": "Alberto Cowboy",
      "grupo": "Veterano",
      "cluster": 2,
      "avg_received": -4.2923,
      "std_received": 4.7626,
      "contradictions": 2,
      "pos_received": 4.95,
      "top_love": [
        {
          "name": "Jonas Sulzbach",
          "score": 2.35
        },
        {
          "name": "Jordana",
          "score": 1.3
        },
        {
          "name": "Marciele",
          "score": 1.3
        }
      ],
      "top_hate": [
        {
          "name": "Leandro",
          "score": -12.08
        },
        {
          "name": "Milena",
          "score": -10.57
        },
        {
          "name": "Breno",
          "score": -9.88
        }
      ]
    },
    {
      "name": "Ana Paula Renault",
      "grupo": "Veterano",
      "cluster": 1,
      "avg_received": -1.2028,
      "std_received": 2.3238,
      "contradictions": 0,
      "pos_received": 6.636,
      "top_love": [
        {
          "name": "Milena",
          "score": 3.31
        },
        {
          "name": "Samira",
          "score": 1.97
        },
        {
          "name": "Juliano Floss",
          "score": 1.36
        }
      ],
      "top_hate": [
        {
          "name": "Alberto Cowboy",
          "score": -5.68
        },
        {
          "name": "Jonas Sulzbach",
          "score": -3.42
        },
        {
          "name": "Marciele",
          "score": -2.28
        }
      ]
    },
    {
      "name": "Breno",
      "grupo": "Pipoca",
      "cluster": 1,
      "avg_received": -1.973,
      "std_received": 3.3351,
      "contradictions": 2,
      "pos_received": 5.5,
      "top_love": [
        {
          "name": "Samira",
          "score": 1.32
        },
        {
          "name": "Leandro",
          "score": 1.1
        },
        {
          "name": "Solange Couto",
          "score": 1.08
        }
      ],
      "top_hate": [
        {
          "name": "Alberto Cowboy",
          "score": -8.08
        },
        {
          "name": "Jordana",
          "score": -8.05
        },
        {
          "name": "Marciele",
          "score": -4.92
        }
      ]
    },
    {
      "name": "Chaiany",
      "grupo": "Pipoca",
      "cluster": 1,
      "avg_received": -0.6694,
      "std_received": 2.9056,
      "contradictions": 4,
      "pos_received": 10.13,
      "top_love": [
        {
          "name": "Gabriela",
          "score": 3.31
        },
        {
          "name": "Leandro",
          "score": 2.0
        },
        {
          "name": "Breno",
          "score": 1.5
        }
      ],
      "top_hate": [
        {
          "name": "Jordana",
          "score": -7.19
        },
        {
          "name": "Alberto Cowboy",
          "score": -4.89
        },
        {
          "name": "Milena",
          "score": -2.21
        }
      ]
    },
    {
      "name": "Gabriela",
      "grupo": "Pipoca",
      "cluster": 1,
      "avg_received": -1.025,
      "std_received": 2.0021,
      "contradictions": 6,
      "pos_received": 5.36,
      "top_love": [
        {
          "name": "Chaiany",
          "score": 3.31
        },
        {
          "name": "Jordana",
          "score": 1.1
        },
        {
          "name": "Alberto Cowboy",
          "score": 0.95
        }
      ],
      "top_hate": [
        {
          "name": "Leandro",
          "score": -3.9
        },
        {
          "name": "Solange Couto",
          "score": -3.81
        },
        {
          "name": "Milena",
          "score": -2.58
        }
      ]
    },
    {
      "name": "Jonas Sulzbach",
      "grupo": "Veterano",
      "cluster": 2,
      "avg_received": -2.3743,
      "std_received": 3.7772,
      "contradictions": 0,
      "pos_received": 5.91,
      "top_love": [
        {
          "name": "Alberto Cowboy",
          "score": 3.01
        },
        {
          "name": "Jordana",
          "score": 1.2
        },
        {
          "name": "Marciele",
          "score": 1.2
        }
      ],
      "top_hate": [
        {
          "name": "Milena",
          "score": -10.53
        },
        {
          "name": "Juliano Floss",
          "score": -6.93
        },
        {
          "name": "Leandro",
          "score": -5.96
        }
      ]
    },
    {
      "name": "Jordana",
      "grupo": "Pipoca",
      "cluster": 2,
      "avg_received": -4.2193,
      "std_received": 4.601,
      "contradictions": 6,
      "pos_received": 5.6,
      "top_love": [
        {
          "name": "Alberto Cowboy",
          "score": 1.65
        },
        {
          "name": "Marciele",
          "score": 1.5
        },
        {
          "name": "Gabriela",
          "score": 1.25
        }
      ],
      "top_hate": [
        {
          "name": "Chaiany",
          "score": -11.59
        },
        {
          "name": "Breno",
          "score": -10.24
        },
        {
          "name": "Samira",
          "score": -8.29
        }
      ]
    },
    {
      "name": "Juliano Floss",
      "grupo": "Camarote",
      "cluster": 1,
      "avg_received": -2.1583,
      "std_received": 3.845,
      "contradictions": 0,
      "pos_received": 6.63,
      "top_love": [
        {
          "name": "Breno",
          "score": 1.34
        },
        {
          "name": "Leandro",
          "score": 1.3
        },
        {
          "name": "Chaiany",
          "score": 1.1
        }
      ],
      "top_hate": [
        {
          "name": "Marciele",
          "score": -9.2
        },
        {
          "name": "Gabriela",
          "score": -7.72
        },
        {
          "name": "Alberto Cowboy",
          "score": -6.92
        }
      ]
    },
    {
      "name": "Leandro",
      "grupo": "Pipoca",
      "cluster": 1,
      "avg_received": -2.1546,
      "std_received": 3.3493,
      "contradictions": 0,
      "pos_received": 4.9,
      "top_love": [
        {
          "name": "Solange Couto",
          "score": 1.3
        },
        {
          "name": "Breno",
          "score": 1.2
        },
        {
          "name": "Chaiany",
          "score": 1.2
        }
      ],
      "top_hate": [
        {
          "name": "Alberto Cowboy",
          "score": -10.54
        },
        {
          "name": "Gabriela",
          "score": -4.59
        },
        {
          "name": "Jordana",
          "score": -4.41
        }
      ]
    },
    {
      "name": "Marciele",
      "grupo": "Pipoca",
      "cluster": 2,
      "avg_received": -2.2554,
      "std_received": 3.1643,
      "contradictions": 2,
      "pos_received": 5.9,
      "top_love": [
        {
          "name": "Jordana",
          "score": 2.0
        },
        {
          "name": "Jonas Sulzbach",
          "score": 1.65
        },
        {
          "name": "Alberto Cowboy",
          "score": 1.55
        }
      ],
      "top_hate": [
        {
          "name": "Juliano Floss",
          "score": -8.56
        },
        {
          "name": "Breno",
          "score": -4.92
        },
        {
          "name": "Ana Paula Renault",
          "score": -4.71
        }
      ]
    },
    {
      "name": "Milena",
      "grupo": "Pipoca",
      "cluster": 1,
      "avg_received": -2.7728,
      "std_received": 4.866,
      "contradictions": 0,
      "pos_received": 6.916,
      "top_love": [
        {
          "name": "Ana Paula Renault",
          "score": 2.2
        },
        {
          "name": "Juliano Floss",
          "score": 2.12
        },
        {
          "name": "Samira",
          "score": 1.92
        }
      ],
      "top_hate": [
        {
          "name": "Alberto Cowboy",
          "score": -12.88
        },
        {
          "name": "Jonas Sulzbach",
          "score": -12.19
        },
        {
          "name": "Solange Couto",
          "score": -4.42
        }
      ]
    },
    {
      "name": "Samira",
      "grupo": "Pipoca",
      "cluster": 1,
      "avg_received": -1.8163,
      "std_received": 2.3618,
      "contradictions": 2,
      "pos_received": 3.02,
      "top_love": [
        {
          "name": "Breno",
          "score": 1.52
        },
        {
          "name": "Ana Paula Renault",
          "score": 0.81
        },
        {
          "name": "Milena",
          "score": 0.69
        }
      ],
      "top_hate": [
        {
          "name": "Jordana",
          "score": -6.35
        },
        {
          "name": "Marciele",
          "score": -4.96
        },
        {
          "name": "Solange Couto",
          "score": -3.61
        }
      ]
    },
    {
      "name": "Solange Couto",
      "grupo": "Camarote",
      "cluster": 1,
      "avg_received": -1.2604,
      "std_received": 2.2341,
      "contradictions": 10,
      "pos_received": 5.4,
      "top_love": [
        {
          "name": "Chaiany",
          "score": 1.45
        },
        {
          "name": "Leandro",
          "score": 1.2
        },
        {
          "name": "Breno",
          "score": 1.0
        }
      ],
      "top_hate": [
        {
          "name": "Jordana",
          "score": -5.34
        },
        {
          "name": "Marciele",
          "score": -4.58
        },
        {
          "name": "Ana Paula Renault",
          "score": -2.44
        }
      ]
    }
  ],
  "score_matrix_ordered": [
    [
      0.0,
      1.25,
      1.01,
      1.6,
      0.45,
      -1.3945,
      -2.0745,
      1.475,
      3.31,
      -3.115,
      -1.66,
      -2.5013,
      -9.388
    ],
    [
      1.25,
      0.0,
      1.17,
      1.15,
      1.42,
      -1.795,
      -0.515,
      1.04,
      -1.005,
      -8.978,
      -2.64,
      -4.92,
      -9.143
    ],
    [
      1.01,
      1.17,
      0.0,
      1.25,
      -1.743,
      1.088,
      1.543,
      0.955,
      -4.7275,
      -6.6963,
      -5.963,
      -8.88,
      -2.7
    ],
    [
      1.6,
      1.15,
      1.25,
      0.0,
      -1.625,
      -1.022,
      -0.6895,
      1.25,
      -4.245,
      -11.308,
      -4.98,
      -3.41,
      -5.505
    ],
    [
      0.45,
      1.42,
      -1.743,
      -1.625,
      0.0,
      1.39,
      1.305,
      -3.015,
      -1.11,
      -4.455,
      -2.2625,
      -4.72,
      -7.318
    ],
    [
      -1.3945,
      -1.795,
      1.088,
      -1.022,
      1.39,
      0.0,
      2.755,
      -2.2625,
      -2.0595,
      -6.372,
      -3.802,
      -3.4975,
      -2.8
    ],
    [
      -2.0745,
      -0.515,
      1.543,
      -0.6895,
      1.305,
      2.755,
      0.0,
      -3.4125,
      -3.062,
      -11.728,
      -11.363,
      -1.5175,
      -5.38
    ],
    [
      1.475,
      1.04,
      0.955,
      1.25,
      -3.015,
      -2.2625,
      -3.4125,
      0.0,
      -2.8975,
      -1.83,
      0.72,
      -2.9425,
      -5.205
    ],
    [
      3.31,
      -1.005,
      -4.7275,
      -4.245,
      -1.11,
      -2.0595,
      -3.062,
      -2.8975,
      0.0,
      -0.245,
      -0.235,
      -0.19,
      1.175
    ],
    [
      -3.115,
      -8.978,
      -6.6963,
      -11.308,
      -4.455,
      -6.372,
      -11.728,
      -1.83,
      -0.245,
      0.0,
      2.68,
      1.425,
      1.475
    ],
    [
      -1.66,
      -2.64,
      -5.963,
      -4.98,
      -2.2625,
      -3.802,
      -11.363,
      0.72,
      -0.235,
      2.68,
      0.0,
      1.425,
      1.2
    ],
    [
      -2.5013,
      -4.92,
      -8.88,
      -3.41,
      -4.72,
      -3.4975,
      -1.5175,
      -2.9425,
      -0.19,
      1.425,
      1.425,
      0.0,
      1.75
    ],
    [
      -9.388,
      -9.143,
      -2.7,
      -5.505,
      -7.318,
      -2.8,
      -5.38,
      -5.205,
      1.175,
      1.475,
      1.2,
      1.75,
      0.0
    ]
  ],
  "vote_matrix_ordered": [
    [
      0.0,
      0.75,
      0.625,
      0.75,
      0.2857,
      0.4286,
      0.625,
      0.5,
      0.0,
      0.0,
      0.0,
      0.0,
      0.0
    ],
    [
      0.75,
      0.0,
      0.75,
      0.875,
      0.5714,
      0.7143,
      0.875,
      0.75,
      0.125,
      0.0,
      0.3333,
      0.0,
      0.0
    ],
    [
      0.625,
      0.75,
      0.0,
      0.75,
      0.5714,
      0.7143,
      0.625,
      0.5,
      0.0,
      0.0,
      0.0,
      0.0,
      0.0
    ],
    [
      0.75,
      0.875,
      0.75,
      0.0,
      0.4286,
      0.5714,
      0.75,
      0.625,
      0.0,
      0.0,
      0.0,
      0.0,
      0.0
    ],
    [
      0.2857,
      0.5714,
      0.5714,
      0.4286,
      0.0,
      0.8333,
      0.5714,
      0.5714,
      0.2857,
      0.25,
      1.0,
      0.2857,
      0.1429
    ],
    [
      0.4286,
      0.7143,
      0.7143,
      0.5714,
      0.8333,
      0.0,
      0.8571,
      0.5714,
      0.1429,
      0.0,
      0.3333,
      0.0,
      0.0
    ],
    [
      0.625,
      0.875,
      0.625,
      0.75,
      0.5714,
      0.8571,
      0.0,
      0.625,
      0.125,
      0.0,
      0.3333,
      0.0,
      0.0
    ],
    [
      0.5,
      0.75,
      0.5,
      0.625,
      0.5714,
      0.5714,
      0.625,
      0.0,
      0.125,
      0.0,
      0.3333,
      0.0,
      0.0
    ],
    [
      0.0,
      0.125,
      0.0,
      0.0,
      0.2857,
      0.1429,
      0.125,
      0.125,
      0.0,
      0.8,
      1.0,
      0.5,
      0.5
    ],
    [
      0.0,
      0.0,
      0.0,
      0.0,
      0.25,
      0.0,
      0.0,
      0.0,
      0.8,
      0.0,
      1.0,
      0.8,
      0.8
    ],
    [
      0.0,
      0.3333,
      0.0,
      0.0,
      1.0,
      0.3333,
      0.3333,
      0.3333,
      1.0,
      1.0,
      0.0,
      0.6667,
      0.6667
    ],
    [
      0.0,
      0.0,
      0.0,
      0.0,
      0.2857,
      0.0,
      0.0,
      0.0,
      0.5,
      0.8,
      0.6667,
      0.0,
      0.75
    ],
    [
      0.0,
      0.0,
      0.0,
      0.0,
      0.1429,
      0.0,
      0.0,
      0.0,
      0.5,
      0.8,
      0.6667,
      0.75,
      0.0
    ]
  ]
}