{
  "_metadata": {
    "generated_at": "2026-03-09T00:57:19.934185+00:00",
    "date": "2026-03-08",
    "week": 8,
    "reference_date": "2026-03-08",
    "n_active": 14,
    "n_clusters": 3,
    "n_paredoes": 7,
    "n_contradictions": 33,
    "n_tensions": 3,
    "silhouette_coefficient": 0.1361,
    "resolution_used": 0.5,
    "best_cohesion": {
      "label": 2,
      "name": "Aliança Grupo Misto",
      "score": 1.6592
    },
    "worst_rivalry": {
      "key": "2<>3",
      "score": -4.2745,
      "text": "Aliança Grupo Misto vs Aliança Grupo Misto A"
    }
  },
  "active_names": [
    "Alberto Cowboy",
    "Ana Paula Renault",
    "Babu Santana",
    "Breno",
    "Chaiany",
    "Gabriela",
    "Jonas Sulzbach",
    "Jordana",
    "Juliano Floss",
    "Leandro",
    "Marciele",
    "Milena",
    "Samira",
    "Solange Couto"
  ],
  "cluster_order": [
    "Chaiany",
    "Breno",
    "Solange Couto",
    "Babu Santana",
    "Juliano Floss",
    "Leandro",
    "Gabriela",
    "Alberto Cowboy",
    "Jonas Sulzbach",
    "Marciele",
    "Jordana",
    "Milena",
    "Ana Paula Renault",
    "Samira"
  ],
  "communities": [
    {
      "label": 1,
      "name": "Grupo Misto",
      "color": "#e74c3c",
      "members": [
        "Babu Santana",
        "Breno",
        "Chaiany",
        "Gabriela",
        "Juliano Floss",
        "Leandro",
        "Solange Couto"
      ],
      "group_composition": {
        "Pipoca": 4,
        "Camarote": 2,
        "Veterano": 1
      },
      "cohesion": 0.3123,
      "best_external": {
        "label": 3,
        "name": "Aliança Grupo Misto A",
        "score": -1.0876
      },
      "worst_external": {
        "label": 2,
        "name": "Aliança Grupo Misto",
        "score": -3.3583
      }
    },
    {
      "label": 2,
      "name": "Aliança Grupo Misto",
      "color": "#3498db",
      "members": [
        "Alberto Cowboy",
        "Jonas Sulzbach",
        "Jordana",
        "Marciele"
      ],
      "group_composition": {
        "Veterano": 2,
        "Pipoca": 2
      },
      "cohesion": 1.6592,
      "best_external": {
        "label": 1,
        "name": "Grupo Misto",
        "score": -3.3583
      },
      "worst_external": {
        "label": 3,
        "name": "Aliança Grupo Misto A",
        "score": -4.2745
      }
    },
    {
      "label": 3,
      "name": "Aliança Grupo Misto A",
      "color": "#2ecc71",
      "members": [
        "Ana Paula Renault",
        "Milena",
        "Samira"
      ],
      "group_composition": {
        "Pipoca": 2,
        "Veterano": 1
      },
      "cohesion": 1.6267,
      "best_external": {
        "label": 1,
        "name": "Grupo Misto",
        "score": -1.0876
      },
      "worst_external": {
        "label": 2,
        "name": "Aliança Grupo Misto",
        "score": -4.2745
      }
    }
  ],
  "inter_cluster": [
    {
      "cluster_a": 1,
      "cluster_b": 2,
      "name_a": "Grupo Misto",
      "name_b": "Aliança Grupo Misto",
      "score_sym": -3.3583,
      "score_a_to_b": -3.673,
      "score_b_to_a": -3.0437,
      "vote_alignment": 0.1289
    },
    {
      "cluster_a": 1,
      "cluster_b": 3,
      "name_a": "Grupo Misto",
      "name_b": "Aliança Grupo Misto A",
      "score_sym": -1.0876,
      "score_a_to_b": -0.8443,
      "score_b_to_a": -1.3309,
      "vote_alignment": 0.5717
    },
    {
      "cluster_a": 2,
      "cluster_b": 3,
      "name_a": "Aliança Grupo Misto",
      "name_b": "Aliança Grupo Misto A",
      "score_sym": -4.2745,
      "score_a_to_b": -3.9147,
      "score_b_to_a": -4.6343,
      "vote_alignment": 0.2014
    }
  ],
  "polarization": [
    {
      "name": "Alberto Cowboy",
      "grupo": "Veterano",
      "cluster": 2,
      "avg_received": -3.6775,
      "std_received": 4.0725,
      "contradictions": 2,
      "pos_received": 4.95,
      "top_love": [
        {
          "name": "Jonas Sulzbach",
          "score": 2.35
        },
        {
          "name": "Jordana",
          "score": 1.3
        },
        {
          "name": "Marciele",
          "score": 1.3
        }
      ],
      "top_hate": [
        {
          "name": "Leandro",
          "score": -11.28
        },
        {
          "name": "Breno",
          "score": -8.76
        },
        {
          "name": "Milena",
          "score": -7.76
        }
      ]
    },
    {
      "name": "Ana Paula Renault",
      "grupo": "Veterano",
      "cluster": 3,
      "avg_received": -1.0948,
      "std_received": 1.9328,
      "contradictions": 0,
      "pos_received": 5.586,
      "top_love": [
        {
          "name": "Milena",
          "score": 2.35
        },
        {
          "name": "Samira",
          "score": 1.88
        },
        {
          "name": "Juliano Floss",
          "score": 1.36
        }
      ],
      "top_hate": [
        {
          "name": "Alberto Cowboy",
          "score": -4.56
        },
        {
          "name": "Jonas Sulzbach",
          "score": -3.02
        },
        {
          "name": "Babu Santana",
          "score": -2.85
        }
      ]
    },
    {
      "name": "Babu Santana",
      "grupo": "Veterano",
      "cluster": 1,
      "avg_received": -1.2799,
      "std_received": 3.1005,
      "contradictions": 0,
      "pos_received": 9.05,
      "top_love": [
        {
          "name": "Solange Couto",
          "score": 2.2
        },
        {
          "name": "Juliano Floss",
          "score": 2.17
        },
        {
          "name": "Leandro",
          "score": 1.7
        }
      ],
      "top_hate": [
        {
          "name": "Jonas Sulzbach",
          "score": -7.37
        },
        {
          "name": "Ana Paula Renault",
          "score": -5.2
        },
        {
          "name": "Gabriela",
          "score": -4.98
        }
      ]
    },
    {
      "name": "Breno",
      "grupo": "Pipoca",
      "cluster": 1,
      "avg_received": -1.6745,
      "std_received": 2.6864,
      "contradictions": 2,
      "pos_received": 3.6575,
      "top_love": [
        {
          "name": "Babu Santana",
          "score": 0.86
        },
        {
          "name": "Leandro",
          "score": 0.68
        },
        {
          "name": "Chaiany",
          "score": 0.58
        }
      ],
      "top_hate": [
        {
          "name": "Jordana",
          "score": -7.2
        },
        {
          "name": "Alberto Cowboy",
          "score": -6.34
        },
        {
          "name": "Marciele",
          "score": -4.39
        }
      ]
    },
    {
      "name": "Chaiany",
      "grupo": "Pipoca",
      "cluster": 1,
      "avg_received": -0.0567,
      "std_received": 2.0459,
      "contradictions": 4,
      "pos_received": 11.025,
      "top_love": [
        {
          "name": "Gabriela",
          "score": 3.31
        },
        {
          "name": "Leandro",
          "score": 2.0
        },
        {
          "name": "Breno",
          "score": 1.5
        }
      ],
      "top_hate": [
        {
          "name": "Alberto Cowboy",
          "score": -4.27
        },
        {
          "name": "Jordana",
          "score": -2.41
        },
        {
          "name": "Milena",
          "score": -2.37
        }
      ]
    },
    {
      "name": "Gabriela",
      "grupo": "Pipoca",
      "cluster": 1,
      "avg_received": -1.0592,
      "std_received": 2.1357,
      "contradictions": 8,
      "pos_received": 6.63,
      "top_love": [
        {
          "name": "Chaiany",
          "score": 3.31
        },
        {
          "name": "Jonas Sulzbach",
          "score": 1.3
        },
        {
          "name": "Jordana",
          "score": 1.07
        }
      ],
      "top_hate": [
        {
          "name": "Leandro",
          "score": -3.9
        },
        {
          "name": "Babu Santana",
          "score": -3.83
        },
        {
          "name": "Solange Couto",
          "score": -3.77
        }
      ]
    },
    {
      "name": "Jonas Sulzbach",
      "grupo": "Veterano",
      "cluster": 2,
      "avg_received": -2.1502,
      "std_received": 3.5355,
      "contradictions": 0,
      "pos_received": 6.18,
      "top_love": [
        {
          "name": "Alberto Cowboy",
          "score": 3.01
        },
        {
          "name": "Jordana",
          "score": 1.2
        },
        {
          "name": "Marciele",
          "score": 1.2
        }
      ],
      "top_hate": [
        {
          "name": "Babu Santana",
          "score": -8.78
        },
        {
          "name": "Milena",
          "score": -7.4
        },
        {
          "name": "Juliano Floss",
          "score": -5.51
        }
      ]
    },
    {
      "name": "Jordana",
      "grupo": "Pipoca",
      "cluster": 2,
      "avg_received": -3.1958,
      "std_received": 3.3456,
      "contradictions": 4,
      "pos_received": 5.57,
      "top_love": [
        {
          "name": "Alberto Cowboy",
          "score": 1.65
        },
        {
          "name": "Marciele",
          "score": 1.5
        },
        {
          "name": "Gabriela",
          "score": 1.22
        }
      ],
      "top_hate": [
        {
          "name": "Samira",
          "score": -7.89
        },
        {
          "name": "Breno",
          "score": -7.41
        },
        {
          "name": "Chaiany",
          "score": -6.15
        }
      ]
    },
    {
      "name": "Juliano Floss",
      "grupo": "Camarote",
      "cluster": 1,
      "avg_received": -1.4034,
      "std_received": 3.0643,
      "contradictions": 2,
      "pos_received": 7.46,
      "top_love": [
        {
          "name": "Breno",
          "score": 1.34
        },
        {
          "name": "Leandro",
          "score": 1.3
        },
        {
          "name": "Chaiany",
          "score": 1.1
        }
      ],
      "top_hate": [
        {
          "name": "Marciele",
          "score": -8.08
        },
        {
          "name": "Alberto Cowboy",
          "score": -5.8
        },
        {
          "name": "Gabriela",
          "score": -4.25
        }
      ]
    },
    {
      "name": "Leandro",
      "grupo": "Pipoca",
      "cluster": 1,
      "avg_received": -1.77,
      "std_received": 3.2617,
      "contradictions": 0,
      "pos_received": 6.4,
      "top_love": [
        {
          "name": "Babu Santana",
          "score": 1.5
        },
        {
          "name": "Solange Couto",
          "score": 1.3
        },
        {
          "name": "Breno",
          "score": 1.2
        }
      ],
      "top_hate": [
        {
          "name": "Alberto Cowboy",
          "score": -10.22
        },
        {
          "name": "Gabriela",
          "score": -4.59
        },
        {
          "name": "Jordana",
          "score": -4.11
        }
      ]
    },
    {
      "name": "Marciele",
      "grupo": "Pipoca",
      "cluster": 2,
      "avg_received": -1.6338,
      "std_received": 2.2832,
      "contradictions": 2,
      "pos_received": 5.9,
      "top_love": [
        {
          "name": "Jordana",
          "score": 2.0
        },
        {
          "name": "Jonas Sulzbach",
          "score": 1.65
        },
        {
          "name": "Alberto Cowboy",
          "score": 1.55
        }
      ],
      "top_hate": [
        {
          "name": "Juliano Floss",
          "score": -5.44
        },
        {
          "name": "Breno",
          "score": -4.09
        },
        {
          "name": "Chaiany",
          "score": -3.15
        }
      ]
    },
    {
      "name": "Milena",
      "grupo": "Pipoca",
      "cluster": 3,
      "avg_received": -1.7448,
      "std_received": 3.3607,
      "contradictions": 0,
      "pos_received": 6.826,
      "top_love": [
        {
          "name": "Ana Paula Renault",
          "score": 2.2
        },
        {
          "name": "Juliano Floss",
          "score": 2.12
        },
        {
          "name": "Samira",
          "score": 1.92
        }
      ],
      "top_hate": [
        {
          "name": "Alberto Cowboy",
          "score": -9.2
        },
        {
          "name": "Jonas Sulzbach",
          "score": -7.51
        },
        {
          "name": "Jordana",
          "score": -3.14
        }
      ]
    },
    {
      "name": "Samira",
      "grupo": "Pipoca",
      "cluster": 3,
      "avg_received": -1.387,
      "std_received": 2.1031,
      "contradictions": 2,
      "pos_received": 2.5,
      "top_love": [
        {
          "name": "Breno",
          "score": 1.01
        },
        {
          "name": "Ana Paula Renault",
          "score": 0.72
        },
        {
          "name": "Milena",
          "score": 0.69
        }
      ],
      "top_hate": [
        {
          "name": "Jordana",
          "score": -6.15
        },
        {
          "name": "Marciele",
          "score": -4.16
        },
        {
          "name": "Alberto Cowboy",
          "score": -3.5
        }
      ]
    },
    {
      "name": "Solange Couto",
      "grupo": "Camarote",
      "cluster": 1,
      "avg_received": -0.4527,
      "std_received": 1.7274,
      "contradictions": 8,
      "pos_received": 7.71,
      "top_love": [
        {
          "name": "Babu Santana",
          "score": 2.4
        },
        {
          "name": "Chaiany",
          "score": 1.45
        },
        {
          "name": "Leandro",
          "score": 1.2
        }
      ],
      "top_hate": [
        {
          "name": "Jordana",
          "score": -2.94
        },
        {
          "name": "Gabriela",
          "score": -2.7
        },
        {
          "name": "Marciele",
          "score": -2.54
        }
      ]
    }
  ],
  "score_matrix_ordered": [
    [
      0.0,
      1.04,
      1.475,
      1.475,
      0.8075,
      1.6,
      3.31,
      -2.255,
      -0.665,
      -1.9412,
      -4.28,
      -2.157,
      -0.877,
      0.45
    ],
    [
      1.04,
      0.0,
      0.785,
      1.0037,
      0.96,
      0.94,
      -1.215,
      -7.548,
      -2.535,
      -4.24,
      -7.303,
      -0.305,
      -1.585,
      0.7
    ],
    [
      1.475,
      0.785,
      0.0,
      2.3,
      0.91,
      1.25,
      -3.235,
      -1.86,
      0.705,
      -2.28,
      -3.2075,
      -2.1725,
      -1.0975,
      -1.4
    ],
    [
      1.475,
      1.0037,
      2.3,
      0.0,
      1.5,
      1.6,
      -4.4075,
      -2.5225,
      -8.071,
      -1.935,
      -3.655,
      -2.082,
      -4.0282,
      0.13
    ],
    [
      0.8075,
      0.96,
      0.91,
      1.5,
      0.0,
      1.25,
      -2.545,
      -5.5762,
      -4.693,
      -6.76,
      -2.5325,
      1.543,
      1.088,
      -2.148
    ],
    [
      1.6,
      0.94,
      1.25,
      1.6,
      1.25,
      0.0,
      -4.245,
      -10.748,
      -4.42,
      -2.85,
      -4.355,
      -0.667,
      -0.717,
      -1.625
    ],
    [
      3.31,
      -1.215,
      -3.235,
      -4.4075,
      -2.545,
      -4.245,
      0.0,
      -0.26,
      0.8,
      -0.19,
      1.145,
      -2.502,
      -2.0145,
      -1.3725
    ],
    [
      -2.255,
      -7.548,
      -1.86,
      -2.5225,
      -5.5762,
      -10.748,
      -0.26,
      0.0,
      2.68,
      1.425,
      1.475,
      -8.48,
      -5.252,
      -4.41
    ],
    [
      -0.665,
      -2.535,
      0.705,
      -8.071,
      -4.693,
      -4.42,
      0.8,
      2.68,
      0.0,
      1.425,
      1.2,
      -7.455,
      -3.5995,
      -0.625
    ],
    [
      -1.9412,
      -4.24,
      -2.28,
      -1.935,
      -6.76,
      -2.85,
      -0.19,
      1.425,
      1.425,
      0.0,
      1.75,
      -1.495,
      -2.4675,
      -3.16
    ],
    [
      -4.28,
      -7.303,
      -3.2075,
      -3.655,
      -2.5325,
      -4.355,
      1.145,
      1.475,
      1.2,
      1.75,
      0.0,
      -4.38,
      -2.9475,
      -7.023
    ],
    [
      -2.157,
      -0.305,
      -2.1725,
      -2.082,
      1.543,
      -0.667,
      -2.502,
      -8.48,
      -7.455,
      -1.495,
      -4.38,
      0.0,
      2.275,
      1.305
    ],
    [
      -0.877,
      -1.585,
      -1.0975,
      -4.0282,
      1.088,
      -0.717,
      -2.0145,
      -5.252,
      -3.5995,
      -2.4675,
      -2.9475,
      2.275,
      0.0,
      1.3
    ],
    [
      0.45,
      0.7,
      -1.4,
      0.13,
      -2.148,
      -1.625,
      -1.3725,
      -4.41,
      -0.625,
      -3.16,
      -7.023,
      1.305,
      1.3,
      0.0
    ]
  ],
  "vote_matrix_ordered": [
    [
      0.0,
      0.7143,
      0.4286,
      0.6667,
      0.7143,
      0.7143,
      0.0,
      0.0,
      0.0,
      0.0,
      0.0,
      0.5714,
      0.5,
      0.3333
    ],
    [
      0.7143,
      0.0,
      0.7143,
      0.8333,
      0.8571,
      0.8571,
      0.1429,
      0.0,
      0.3333,
      0.0,
      0.0,
      0.8571,
      0.8333,
      0.6667
    ],
    [
      0.4286,
      0.7143,
      0.0,
      0.6667,
      0.5714,
      0.5714,
      0.1429,
      0.0,
      0.3333,
      0.0,
      0.0,
      0.5714,
      0.6667,
      0.6667
    ],
    [
      0.6667,
      0.8333,
      0.6667,
      0.0,
      1.0,
      0.8333,
      0.0,
      0.0,
      0.0,
      0.0,
      0.0,
      0.6667,
      0.6667,
      0.6
    ],
    [
      0.7143,
      0.8571,
      0.5714,
      1.0,
      0.0,
      0.8571,
      0.0,
      0.0,
      0.0,
      0.0,
      0.0,
      0.7143,
      0.6667,
      0.5
    ],
    [
      0.7143,
      0.8571,
      0.5714,
      0.8333,
      0.8571,
      0.0,
      0.0,
      0.0,
      0.0,
      0.0,
      0.0,
      0.7143,
      0.6667,
      0.5
    ],
    [
      0.0,
      0.1429,
      0.1429,
      0.0,
      0.0,
      0.0,
      0.0,
      0.8,
      1.0,
      0.5714,
      0.5714,
      0.1429,
      0.1667,
      0.3333
    ],
    [
      0.0,
      0.0,
      0.0,
      0.0,
      0.0,
      0.0,
      0.8,
      0.0,
      1.0,
      0.8,
      0.8,
      0.0,
      0.0,
      0.25
    ],
    [
      0.0,
      0.3333,
      0.3333,
      0.0,
      0.0,
      0.0,
      1.0,
      1.0,
      0.0,
      0.6667,
      0.6667,
      0.3333,
      0.3333,
      1.0
    ],
    [
      0.0,
      0.0,
      0.0,
      0.0,
      0.0,
      0.0,
      0.5714,
      0.8,
      0.6667,
      0.0,
      0.7143,
      0.0,
      0.0,
      0.3333
    ],
    [
      0.0,
      0.0,
      0.0,
      0.0,
      0.0,
      0.0,
      0.5714,
      0.8,
      0.6667,
      0.7143,
      0.0,
      0.0,
      0.0,
      0.1667
    ],
    [
      0.5714,
      0.8571,
      0.5714,
      0.6667,
      0.7143,
      0.7143,
      0.1429,
      0.0,
      0.3333,
      0.0,
      0.0,
      0.0,
      1.0,
      0.6667
    ],
    [
      0.5,
      0.8333,
      0.6667,
      0.6667,
      0.6667,
      0.6667,
      0.1667,
      0.0,
      0.3333,
      0.0,
      0.0,
      1.0,
      0.0,
      0.8
    ],
    [
      0.3333,
      0.6667,
      0.6667,
      0.6,
      0.5,
      0.5,
      0.3333,
      0.25,
      1.0,
      0.3333,
      0.1667,
      0.6667,
      0.8,
      0.0
    ]
  ]
}