{
  "_metadata": {
    "generated_at": "2026-03-06T19:36:55.358516+00:00",
    "date": "2026-03-06",
    "week": 8,
    "reference_date": "2026-03-06",
    "n_active": 14,
    "n_clusters": 2,
    "n_paredoes": 7,
    "n_contradictions": 36,
    "n_tensions": 1,
    "silhouette_coefficient": 0.4096,
    "resolution_used": 0.5,
    "best_cohesion": {
      "label": 2,
      "name": "Aliança Grupo Misto",
      "score": 1.6592
    },
    "worst_rivalry": {
      "key": "1<>2",
      "score": -3.6069,
      "text": "Frente Grupo Misto vs Aliança Grupo Misto"
    }
  },
  "active_names": [
    "Alberto Cowboy",
    "Ana Paula Renault",
    "Babu Santana",
    "Breno",
    "Chaiany",
    "Gabriela",
    "Jonas Sulzbach",
    "Jordana",
    "Juliano Floss",
    "Leandro",
    "Marciele",
    "Milena",
    "Samira",
    "Solange Couto"
  ],
  "cluster_order": [
    "Chaiany",
    "Juliano Floss",
    "Breno",
    "Leandro",
    "Solange Couto",
    "Samira",
    "Babu Santana",
    "Milena",
    "Ana Paula Renault",
    "Gabriela",
    "Alberto Cowboy",
    "Jonas Sulzbach",
    "Marciele",
    "Jordana"
  ],
  "communities": [
    {
      "label": 1,
      "name": "Frente Grupo Misto",
      "color": "#e74c3c",
      "members": [
        "Ana Paula Renault",
        "Babu Santana",
        "Breno",
        "Chaiany",
        "Gabriela",
        "Juliano Floss",
        "Leandro",
        "Milena",
        "Samira",
        "Solange Couto"
      ],
      "group_composition": {
        "Pipoca": 6,
        "Veterano": 2,
        "Camarote": 2
      },
      "cohesion": -0.2225,
      "best_external": {
        "label": 2,
        "name": "Aliança Grupo Misto",
        "score": -3.6069
      },
      "worst_external": {
        "label": 2,
        "name": "Aliança Grupo Misto",
        "score": -3.6069
      }
    },
    {
      "label": 2,
      "name": "Aliança Grupo Misto",
      "color": "#3498db",
      "members": [
        "Alberto Cowboy",
        "Jonas Sulzbach",
        "Jordana",
        "Marciele"
      ],
      "group_composition": {
        "Veterano": 2,
        "Pipoca": 2
      },
      "cohesion": 1.6592,
      "best_external": {
        "label": 1,
        "name": "Frente Grupo Misto",
        "score": -3.6069
      },
      "worst_external": {
        "label": 1,
        "name": "Frente Grupo Misto",
        "score": -3.6069
      }
    }
  ],
  "inter_cluster": [
    {
      "cluster_a": 1,
      "cluster_b": 2,
      "name_a": "Frente Grupo Misto",
      "name_b": "Aliança Grupo Misto",
      "score_sym": -3.6069,
      "score_a_to_b": -3.8992,
      "score_b_to_a": -3.3145,
      "vote_alignment": 0.1507
    }
  ],
  "polarization": [
    {
      "name": "Alberto Cowboy",
      "grupo": "Veterano",
      "cluster": 2,
      "avg_received": -3.7009,
      "std_received": 4.0776,
      "contradictions": 3,
      "pos_received": 4.95,
      "top_love": [
        {
          "name": "Jonas Sulzbach",
          "score": 2.35
        },
        {
          "name": "Jordana",
          "score": 1.3
        },
        {
          "name": "Marciele",
          "score": 1.3
        }
      ],
      "top_hate": [
        {
          "name": "Leandro",
          "score": -11.28
        },
        {
          "name": "Breno",
          "score": -8.76
        },
        {
          "name": "Milena",
          "score": -7.76
        }
      ]
    },
    {
      "name": "Ana Paula Renault",
      "grupo": "Veterano",
      "cluster": 1,
      "avg_received": -1.111,
      "std_received": 1.9325,
      "contradictions": 0,
      "pos_received": 5.376,
      "top_love": [
        {
          "name": "Milena",
          "score": 2.2
        },
        {
          "name": "Samira",
          "score": 1.82
        },
        {
          "name": "Juliano Floss",
          "score": 1.36
        }
      ],
      "top_hate": [
        {
          "name": "Alberto Cowboy",
          "score": -4.56
        },
        {
          "name": "Jonas Sulzbach",
          "score": -3.07
        },
        {
          "name": "Babu Santana",
          "score": -2.85
        }
      ]
    },
    {
      "name": "Babu Santana",
      "grupo": "Veterano",
      "cluster": 1,
      "avg_received": -1.2391,
      "std_received": 2.9427,
      "contradictions": 0,
      "pos_received": 8.81,
      "top_love": [
        {
          "name": "Solange Couto",
          "score": 2.2
        },
        {
          "name": "Juliano Floss",
          "score": 2.11
        },
        {
          "name": "Leandro",
          "score": 1.7
        }
      ],
      "top_hate": [
        {
          "name": "Jonas Sulzbach",
          "score": -6.53
        },
        {
          "name": "Ana Paula Renault",
          "score": -5.2
        },
        {
          "name": "Gabriela",
          "score": -4.98
        }
      ]
    },
    {
      "name": "Breno",
      "grupo": "Pipoca",
      "cluster": 1,
      "avg_received": -1.6953,
      "std_received": 3.049,
      "contradictions": 2,
      "pos_received": 5.5475,
      "top_love": [
        {
          "name": "Samira",
          "score": 1.22
        },
        {
          "name": "Babu Santana",
          "score": 1.21
        },
        {
          "name": "Leandro",
          "score": 1.03
        }
      ],
      "top_hate": [
        {
          "name": "Jordana",
          "score": -7.87
        },
        {
          "name": "Alberto Cowboy",
          "score": -7.1
        },
        {
          "name": "Marciele",
          "score": -4.57
        }
      ]
    },
    {
      "name": "Chaiany",
      "grupo": "Pipoca",
      "cluster": 1,
      "avg_received": 0.021,
      "std_received": 1.8761,
      "contradictions": 6,
      "pos_received": 10.74,
      "top_love": [
        {
          "name": "Gabriela",
          "score": 3.31
        },
        {
          "name": "Leandro",
          "score": 2.0
        },
        {
          "name": "Breno",
          "score": 1.5
        }
      ],
      "top_hate": [
        {
          "name": "Alberto Cowboy",
          "score": -3.47
        },
        {
          "name": "Milena",
          "score": -2.4
        },
        {
          "name": "Jordana",
          "score": -1.7
        }
      ]
    },
    {
      "name": "Gabriela",
      "grupo": "Pipoca",
      "cluster": 1,
      "avg_received": -0.9862,
      "std_received": 2.0715,
      "contradictions": 9,
      "pos_received": 6.57,
      "top_love": [
        {
          "name": "Chaiany",
          "score": 3.31
        },
        {
          "name": "Jonas Sulzbach",
          "score": 1.3
        },
        {
          "name": "Jordana",
          "score": 1.01
        }
      ],
      "top_hate": [
        {
          "name": "Leandro",
          "score": -3.9
        },
        {
          "name": "Babu Santana",
          "score": -3.49
        },
        {
          "name": "Solange Couto",
          "score": -3.19
        }
      ]
    },
    {
      "name": "Jonas Sulzbach",
      "grupo": "Veterano",
      "cluster": 2,
      "avg_received": -2.0032,
      "std_received": 3.4578,
      "contradictions": 0,
      "pos_received": 7.02,
      "top_love": [
        {
          "name": "Alberto Cowboy",
          "score": 3.01
        },
        {
          "name": "Gabriela",
          "score": 1.2
        },
        {
          "name": "Jordana",
          "score": 1.2
        }
      ],
      "top_hate": [
        {
          "name": "Babu Santana",
          "score": -8.78
        },
        {
          "name": "Milena",
          "score": -5.96
        },
        {
          "name": "Juliano Floss",
          "score": -5.64
        }
      ]
    },
    {
      "name": "Jordana",
      "grupo": "Pipoca",
      "cluster": 2,
      "avg_received": -3.1489,
      "std_received": 3.3016,
      "contradictions": 5,
      "pos_received": 5.51,
      "top_love": [
        {
          "name": "Alberto Cowboy",
          "score": 1.65
        },
        {
          "name": "Marciele",
          "score": 1.5
        },
        {
          "name": "Jonas Sulzbach",
          "score": 1.2
        }
      ],
      "top_hate": [
        {
          "name": "Samira",
          "score": -7.97
        },
        {
          "name": "Breno",
          "score": -7.35
        },
        {
          "name": "Milena",
          "score": -5.62
        }
      ]
    },
    {
      "name": "Juliano Floss",
      "grupo": "Camarote",
      "cluster": 1,
      "avg_received": -1.3192,
      "std_received": 3.0868,
      "contradictions": 2,
      "pos_received": 7.88,
      "top_love": [
        {
          "name": "Babu Santana",
          "score": 1.4
        },
        {
          "name": "Breno",
          "score": 1.34
        },
        {
          "name": "Leandro",
          "score": 1.3
        }
      ],
      "top_hate": [
        {
          "name": "Marciele",
          "score": -8.08
        },
        {
          "name": "Alberto Cowboy",
          "score": -5.8
        },
        {
          "name": "Gabriela",
          "score": -4.08
        }
      ]
    },
    {
      "name": "Leandro",
      "grupo": "Pipoca",
      "cluster": 1,
      "avg_received": -1.79,
      "std_received": 3.2664,
      "contradictions": 0,
      "pos_received": 6.4,
      "top_love": [
        {
          "name": "Babu Santana",
          "score": 1.5
        },
        {
          "name": "Solange Couto",
          "score": 1.3
        },
        {
          "name": "Breno",
          "score": 1.2
        }
      ],
      "top_hate": [
        {
          "name": "Alberto Cowboy",
          "score": -10.22
        },
        {
          "name": "Gabriela",
          "score": -4.59
        },
        {
          "name": "Jordana",
          "score": -4.24
        }
      ]
    },
    {
      "name": "Marciele",
      "grupo": "Pipoca",
      "cluster": 2,
      "avg_received": -1.6131,
      "std_received": 2.2825,
      "contradictions": 2,
      "pos_received": 5.9,
      "top_love": [
        {
          "name": "Jordana",
          "score": 2.0
        },
        {
          "name": "Jonas Sulzbach",
          "score": 1.65
        },
        {
          "name": "Alberto Cowboy",
          "score": 1.55
        }
      ],
      "top_hate": [
        {
          "name": "Juliano Floss",
          "score": -5.44
        },
        {
          "name": "Breno",
          "score": -4.03
        },
        {
          "name": "Chaiany",
          "score": -3.15
        }
      ]
    },
    {
      "name": "Milena",
      "grupo": "Pipoca",
      "cluster": 1,
      "avg_received": -1.7783,
      "std_received": 3.4114,
      "contradictions": 0,
      "pos_received": 6.517,
      "top_love": [
        {
          "name": "Ana Paula Renault",
          "score": 2.2
        },
        {
          "name": "Juliano Floss",
          "score": 2.12
        },
        {
          "name": "Samira",
          "score": 1.92
        }
      ],
      "top_hate": [
        {
          "name": "Alberto Cowboy",
          "score": -9.2
        },
        {
          "name": "Jonas Sulzbach",
          "score": -7.92
        },
        {
          "name": "Jordana",
          "score": -3.14
        }
      ]
    },
    {
      "name": "Samira",
      "grupo": "Pipoca",
      "cluster": 1,
      "avg_received": -1.327,
      "std_received": 2.116,
      "contradictions": 2,
      "pos_received": 2.98,
      "top_love": [
        {
          "name": "Breno",
          "score": 1.7
        },
        {
          "name": "Ana Paula Renault",
          "score": 0.66
        },
        {
          "name": "Milena",
          "score": 0.54
        }
      ],
      "top_hate": [
        {
          "name": "Jordana",
          "score": -6.08
        },
        {
          "name": "Marciele",
          "score": -4.16
        },
        {
          "name": "Alberto Cowboy",
          "score": -3.44
        }
      ]
    },
    {
      "name": "Solange Couto",
      "grupo": "Camarote",
      "cluster": 1,
      "avg_received": -0.5135,
      "std_received": 1.7088,
      "contradictions": 9,
      "pos_received": 7.02,
      "top_love": [
        {
          "name": "Babu Santana",
          "score": 2.4
        },
        {
          "name": "Chaiany",
          "score": 1.45
        },
        {
          "name": "Leandro",
          "score": 1.2
        }
      ],
      "top_hate": [
        {
          "name": "Jordana",
          "score": -3.05
        },
        {
          "name": "Gabriela",
          "score": -2.66
        },
        {
          "name": "Marciele",
          "score": -2.51
        }
      ]
    }
  ],
  "score_matrix_ordered": [
    [
      0.0,
      0.665,
      1.215,
      1.6,
      1.475,
      0.45,
      1.475,
      -2.1745,
      -1.192,
      3.31,
      -1.815,
      -0.395,
      -1.9412,
      -3.57
    ],
    [
      0.665,
      0.0,
      1.135,
      1.25,
      0.565,
      -1.563,
      1.755,
      1.468,
      1.088,
      -2.7025,
      -5.5762,
      -4.758,
      -6.76,
      -2.675
    ],
    [
      1.215,
      1.135,
      0.0,
      1.115,
      0.615,
      1.46,
      1.1787,
      -0.675,
      -1.76,
      -0.915,
      -7.928,
      -2.6225,
      -4.2975,
      -7.608
    ],
    [
      1.6,
      1.25,
      1.115,
      0.0,
      1.25,
      -1.625,
      1.6,
      -0.412,
      -0.527,
      -4.245,
      -10.748,
      -4.42,
      -2.85,
      -4.42
    ],
    [
      1.475,
      0.565,
      0.615,
      1.25,
      0.0,
      -1.625,
      2.3,
      -2.105,
      -1.015,
      -2.925,
      -1.92,
      0.675,
      -2.07,
      -3.065
    ],
    [
      0.45,
      -1.563,
      1.46,
      -1.625,
      -1.625,
      0.0,
      -0.1425,
      1.23,
      1.24,
      -1.3275,
      -4.38,
      -1.015,
      -3.16,
      -7.023
    ],
    [
      1.475,
      1.755,
      1.1787,
      1.6,
      2.3,
      -0.1425,
      0.0,
      -1.812,
      -4.0282,
      -4.235,
      -2.655,
      -7.651,
      -1.935,
      -3.55
    ],
    [
      -2.1745,
      1.468,
      -0.675,
      -0.412,
      -2.105,
      1.23,
      -1.812,
      0.0,
      2.2,
      -2.502,
      -8.48,
      -6.94,
      -1.48,
      -4.38
    ],
    [
      -1.192,
      1.088,
      -1.76,
      -0.527,
      -1.015,
      1.24,
      -4.0282,
      2.2,
      0.0,
      -2.142,
      -5.252,
      -3.627,
      -2.5425,
      -3.295
    ],
    [
      3.31,
      -2.7025,
      -0.915,
      -4.245,
      -2.925,
      -1.3275,
      -4.235,
      -2.502,
      -2.142,
      0.0,
      -0.29,
      1.25,
      -0.19,
      1.085
    ],
    [
      -1.815,
      -5.5762,
      -7.928,
      -10.748,
      -1.92,
      -4.38,
      -2.655,
      -8.48,
      -5.252,
      -0.29,
      0.0,
      2.68,
      1.425,
      1.475
    ],
    [
      -0.395,
      -4.758,
      -2.6225,
      -4.42,
      0.675,
      -1.015,
      -7.651,
      -6.94,
      -3.627,
      1.25,
      2.68,
      0.0,
      1.425,
      1.2
    ],
    [
      -1.9412,
      -6.76,
      -4.2975,
      -2.85,
      -2.07,
      -3.16,
      -1.935,
      -1.48,
      -2.5425,
      -0.19,
      1.425,
      1.425,
      0.0,
      1.75
    ],
    [
      -3.57,
      -2.675,
      -7.608,
      -4.42,
      -3.065,
      -7.023,
      -3.55,
      -4.38,
      -3.295,
      1.085,
      1.475,
      1.2,
      1.75,
      0.0
    ]
  ],
  "vote_matrix_ordered": [
    [
      0.0,
      0.7143,
      0.7143,
      0.7143,
      0.4286,
      0.3333,
      0.6667,
      0.5714,
      0.5,
      0.0,
      0.0,
      0.0,
      0.0,
      0.0
    ],
    [
      0.7143,
      0.0,
      0.8571,
      0.8571,
      0.5714,
      0.5,
      1.0,
      0.7143,
      0.6667,
      0.0,
      0.0,
      0.0,
      0.0,
      0.0
    ],
    [
      0.7143,
      0.8571,
      0.0,
      0.8571,
      0.7143,
      0.6667,
      0.8333,
      0.8571,
      0.8333,
      0.1429,
      0.0,
      0.3333,
      0.0,
      0.0
    ],
    [
      0.7143,
      0.8571,
      0.8571,
      0.0,
      0.5714,
      0.5,
      0.8333,
      0.7143,
      0.6667,
      0.0,
      0.0,
      0.0,
      0.0,
      0.0
    ],
    [
      0.4286,
      0.5714,
      0.7143,
      0.5714,
      0.0,
      0.6667,
      0.6667,
      0.5714,
      0.6667,
      0.1429,
      0.0,
      0.3333,
      0.0,
      0.0
    ],
    [
      0.3333,
      0.5,
      0.6667,
      0.5,
      0.6667,
      0.0,
      0.6,
      0.6667,
      0.8,
      0.3333,
      0.25,
      1.0,
      0.3333,
      0.1667
    ],
    [
      0.6667,
      1.0,
      0.8333,
      0.8333,
      0.6667,
      0.6,
      0.0,
      0.6667,
      0.6667,
      0.0,
      0.0,
      0.0,
      0.0,
      0.0
    ],
    [
      0.5714,
      0.7143,
      0.8571,
      0.7143,
      0.5714,
      0.6667,
      0.6667,
      0.0,
      1.0,
      0.1429,
      0.0,
      0.3333,
      0.0,
      0.0
    ],
    [
      0.5,
      0.6667,
      0.8333,
      0.6667,
      0.6667,
      0.8,
      0.6667,
      1.0,
      0.0,
      0.1667,
      0.0,
      0.3333,
      0.0,
      0.0
    ],
    [
      0.0,
      0.0,
      0.1429,
      0.0,
      0.1429,
      0.3333,
      0.0,
      0.1429,
      0.1667,
      0.0,
      0.8,
      1.0,
      0.5714,
      0.5714
    ],
    [
      0.0,
      0.0,
      0.0,
      0.0,
      0.0,
      0.25,
      0.0,
      0.0,
      0.0,
      0.8,
      0.0,
      1.0,
      0.8,
      0.8
    ],
    [
      0.0,
      0.0,
      0.3333,
      0.0,
      0.3333,
      1.0,
      0.0,
      0.3333,
      0.3333,
      1.0,
      1.0,
      0.0,
      0.6667,
      0.6667
    ],
    [
      0.0,
      0.0,
      0.0,
      0.0,
      0.0,
      0.3333,
      0.0,
      0.0,
      0.0,
      0.5714,
      0.8,
      0.6667,
      0.0,
      0.7143
    ],
    [
      0.0,
      0.0,
      0.0,
      0.0,
      0.0,
      0.1667,
      0.0,
      0.0,
      0.0,
      0.5714,
      0.8,
      0.6667,
      0.7143,
      0.0
    ]
  ]
}