{
  "_metadata": {
    "generated_at": "2026-03-05T13:40:48.319221+00:00",
    "date": "2026-03-05",
    "week": 7,
    "reference_date": "2026-03-05",
    "n_active": 14,
    "n_clusters": 2,
    "n_paredoes": 7,
    "n_contradictions": 36,
    "n_tensions": 1,
    "silhouette_coefficient": 0.4076,
    "resolution_used": 0.5,
    "best_cohesion": {
      "label": 2,
      "name": "Aliança Grupo Misto",
      "score": 1.6592
    },
    "worst_rivalry": {
      "key": "1<>2",
      "score": -3.591,
      "text": "Frente Grupo Misto vs Aliança Grupo Misto"
    }
  },
  "active_names": [
    "Alberto Cowboy",
    "Ana Paula Renault",
    "Babu Santana",
    "Breno",
    "Chaiany",
    "Gabriela",
    "Jonas Sulzbach",
    "Jordana",
    "Juliano Floss",
    "Leandro",
    "Marciele",
    "Milena",
    "Samira",
    "Solange Couto"
  ],
  "cluster_order": [
    "Chaiany",
    "Breno",
    "Juliano Floss",
    "Leandro",
    "Solange Couto",
    "Samira",
    "Babu Santana",
    "Milena",
    "Ana Paula Renault",
    "Gabriela",
    "Alberto Cowboy",
    "Jonas Sulzbach",
    "Marciele",
    "Jordana"
  ],
  "communities": [
    {
      "label": 1,
      "name": "Frente Grupo Misto",
      "color": "#e74c3c",
      "members": [
        "Ana Paula Renault",
        "Babu Santana",
        "Breno",
        "Chaiany",
        "Gabriela",
        "Juliano Floss",
        "Leandro",
        "Milena",
        "Samira",
        "Solange Couto"
      ],
      "group_composition": {
        "Pipoca": 6,
        "Veterano": 2,
        "Camarote": 2
      },
      "cohesion": -0.2353,
      "best_external": {
        "label": 2,
        "name": "Aliança Grupo Misto",
        "score": -3.591
      },
      "worst_external": {
        "label": 2,
        "name": "Aliança Grupo Misto",
        "score": -3.591
      }
    },
    {
      "label": 2,
      "name": "Aliança Grupo Misto",
      "color": "#3498db",
      "members": [
        "Alberto Cowboy",
        "Jonas Sulzbach",
        "Jordana",
        "Marciele"
      ],
      "group_composition": {
        "Veterano": 2,
        "Pipoca": 2
      },
      "cohesion": 1.6592,
      "best_external": {
        "label": 1,
        "name": "Frente Grupo Misto",
        "score": -3.591
      },
      "worst_external": {
        "label": 1,
        "name": "Frente Grupo Misto",
        "score": -3.591
      }
    }
  ],
  "inter_cluster": [
    {
      "cluster_a": 1,
      "cluster_b": 2,
      "name_a": "Frente Grupo Misto",
      "name_b": "Aliança Grupo Misto",
      "score_sym": -3.591,
      "score_a_to_b": -3.9071,
      "score_b_to_a": -3.2749,
      "vote_alignment": 0.1507
    }
  ],
  "polarization": [
    {
      "name": "Alberto Cowboy",
      "grupo": "Veterano",
      "cluster": 2,
      "avg_received": -3.7313,
      "std_received": 4.0808,
      "contradictions": 3,
      "pos_received": 4.95,
      "top_love": [
        {
          "name": "Jonas Sulzbach",
          "score": 2.35
        },
        {
          "name": "Jordana",
          "score": 1.3
        },
        {
          "name": "Marciele",
          "score": 1.3
        }
      ],
      "top_hate": [
        {
          "name": "Leandro",
          "score": -11.28
        },
        {
          "name": "Breno",
          "score": -8.76
        },
        {
          "name": "Milena",
          "score": -7.76
        }
      ]
    },
    {
      "name": "Ana Paula Renault",
      "grupo": "Veterano",
      "cluster": 1,
      "avg_received": -1.1006,
      "std_received": 1.9708,
      "contradictions": 0,
      "pos_received": 6.152,
      "top_love": [
        {
          "name": "Milena",
          "score": 2.2
        },
        {
          "name": "Samira",
          "score": 1.79
        },
        {
          "name": "Juliano Floss",
          "score": 1.36
        }
      ],
      "top_hate": [
        {
          "name": "Alberto Cowboy",
          "score": -4.56
        },
        {
          "name": "Jonas Sulzbach",
          "score": -3.0
        },
        {
          "name": "Babu Santana",
          "score": -2.82
        }
      ]
    },
    {
      "name": "Babu Santana",
      "grupo": "Veterano",
      "cluster": 1,
      "avg_received": -1.2522,
      "std_received": 2.9076,
      "contradictions": 0,
      "pos_received": 8.78,
      "top_love": [
        {
          "name": "Solange Couto",
          "score": 2.2
        },
        {
          "name": "Juliano Floss",
          "score": 2.08
        },
        {
          "name": "Leandro",
          "score": 1.7
        }
      ],
      "top_hate": [
        {
          "name": "Jonas Sulzbach",
          "score": -6.27
        },
        {
          "name": "Ana Paula Renault",
          "score": -5.2
        },
        {
          "name": "Gabriela",
          "score": -4.98
        }
      ]
    },
    {
      "name": "Breno",
      "grupo": "Pipoca",
      "cluster": 1,
      "avg_received": -1.7203,
      "std_received": 3.0852,
      "contradictions": 2,
      "pos_received": 5.6675,
      "top_love": [
        {
          "name": "Samira",
          "score": 1.29
        },
        {
          "name": "Babu Santana",
          "score": 1.28
        },
        {
          "name": "Leandro",
          "score": 1.1
        }
      ],
      "top_hate": [
        {
          "name": "Jordana",
          "score": -7.94
        },
        {
          "name": "Alberto Cowboy",
          "score": -7.17
        },
        {
          "name": "Marciele",
          "score": -4.6
        }
      ]
    },
    {
      "name": "Chaiany",
      "grupo": "Pipoca",
      "cluster": 1,
      "avg_received": 0.0171,
      "std_received": 1.8322,
      "contradictions": 6,
      "pos_received": 10.51,
      "top_love": [
        {
          "name": "Gabriela",
          "score": 3.31
        },
        {
          "name": "Leandro",
          "score": 2.0
        },
        {
          "name": "Breno",
          "score": 1.5
        }
      ],
      "top_hate": [
        {
          "name": "Alberto Cowboy",
          "score": -2.93
        },
        {
          "name": "Milena",
          "score": -2.78
        },
        {
          "name": "Ana Paula Renault",
          "score": -1.78
        }
      ]
    },
    {
      "name": "Gabriela",
      "grupo": "Pipoca",
      "cluster": 1,
      "avg_received": -0.8677,
      "std_received": 2.1196,
      "contradictions": 9,
      "pos_received": 7.36,
      "top_love": [
        {
          "name": "Chaiany",
          "score": 3.31
        },
        {
          "name": "Jonas Sulzbach",
          "score": 1.3
        },
        {
          "name": "Jordana",
          "score": 0.98
        }
      ],
      "top_hate": [
        {
          "name": "Babu Santana",
          "score": -3.92
        },
        {
          "name": "Leandro",
          "score": -3.9
        },
        {
          "name": "Ana Paula Renault",
          "score": -2.73
        }
      ]
    },
    {
      "name": "Jonas Sulzbach",
      "grupo": "Veterano",
      "cluster": 2,
      "avg_received": -2.0502,
      "std_received": 3.4624,
      "contradictions": 0,
      "pos_received": 6.99,
      "top_love": [
        {
          "name": "Alberto Cowboy",
          "score": 3.01
        },
        {
          "name": "Gabriela",
          "score": 1.2
        },
        {
          "name": "Jordana",
          "score": 1.2
        }
      ],
      "top_hate": [
        {
          "name": "Babu Santana",
          "score": -8.78
        },
        {
          "name": "Milena",
          "score": -5.96
        },
        {
          "name": "Juliano Floss",
          "score": -5.75
        }
      ]
    },
    {
      "name": "Jordana",
      "grupo": "Pipoca",
      "cluster": 2,
      "avg_received": -3.0943,
      "std_received": 3.2686,
      "contradictions": 5,
      "pos_received": 5.48,
      "top_love": [
        {
          "name": "Alberto Cowboy",
          "score": 1.65
        },
        {
          "name": "Marciele",
          "score": 1.5
        },
        {
          "name": "Jonas Sulzbach",
          "score": 1.2
        }
      ],
      "top_hate": [
        {
          "name": "Samira",
          "score": -7.89
        },
        {
          "name": "Breno",
          "score": -7.32
        },
        {
          "name": "Milena",
          "score": -5.62
        }
      ]
    },
    {
      "name": "Juliano Floss",
      "grupo": "Camarote",
      "cluster": 1,
      "avg_received": -1.2753,
      "std_received": 3.0506,
      "contradictions": 2,
      "pos_received": 7.88,
      "top_love": [
        {
          "name": "Babu Santana",
          "score": 1.4
        },
        {
          "name": "Breno",
          "score": 1.34
        },
        {
          "name": "Leandro",
          "score": 1.3
        }
      ],
      "top_hate": [
        {
          "name": "Marciele",
          "score": -8.08
        },
        {
          "name": "Alberto Cowboy",
          "score": -5.8
        },
        {
          "name": "Jonas Sulzbach",
          "score": -3.88
        }
      ]
    },
    {
      "name": "Leandro",
      "grupo": "Pipoca",
      "cluster": 1,
      "avg_received": -1.8196,
      "std_received": 3.2684,
      "contradictions": 0,
      "pos_received": 6.4,
      "top_love": [
        {
          "name": "Babu Santana",
          "score": 1.5
        },
        {
          "name": "Solange Couto",
          "score": 1.3
        },
        {
          "name": "Breno",
          "score": 1.2
        }
      ],
      "top_hate": [
        {
          "name": "Alberto Cowboy",
          "score": -10.22
        },
        {
          "name": "Gabriela",
          "score": -4.59
        },
        {
          "name": "Jordana",
          "score": -4.35
        }
      ]
    },
    {
      "name": "Marciele",
      "grupo": "Pipoca",
      "cluster": 2,
      "avg_received": -1.6146,
      "std_received": 2.3019,
      "contradictions": 2,
      "pos_received": 5.9,
      "top_love": [
        {
          "name": "Jordana",
          "score": 2.0
        },
        {
          "name": "Jonas Sulzbach",
          "score": 1.65
        },
        {
          "name": "Alberto Cowboy",
          "score": 1.55
        }
      ],
      "top_hate": [
        {
          "name": "Juliano Floss",
          "score": -5.44
        },
        {
          "name": "Breno",
          "score": -4.0
        },
        {
          "name": "Ana Paula Renault",
          "score": -3.26
        }
      ]
    },
    {
      "name": "Milena",
      "grupo": "Pipoca",
      "cluster": 1,
      "avg_received": -1.7829,
      "std_received": 3.4313,
      "contradictions": 0,
      "pos_received": 7.303,
      "top_love": [
        {
          "name": "Ana Paula Renault",
          "score": 2.2
        },
        {
          "name": "Juliano Floss",
          "score": 2.12
        },
        {
          "name": "Samira",
          "score": 1.92
        }
      ],
      "top_hate": [
        {
          "name": "Alberto Cowboy",
          "score": -9.2
        },
        {
          "name": "Jonas Sulzbach",
          "score": -7.92
        },
        {
          "name": "Jordana",
          "score": -3.14
        }
      ]
    },
    {
      "name": "Samira",
      "grupo": "Pipoca",
      "cluster": 1,
      "avg_received": -1.427,
      "std_received": 2.078,
      "contradictions": 2,
      "pos_received": 2.87,
      "top_love": [
        {
          "name": "Breno",
          "score": 1.7
        },
        {
          "name": "Ana Paula Renault",
          "score": 0.63
        },
        {
          "name": "Milena",
          "score": 0.54
        }
      ],
      "top_hate": [
        {
          "name": "Jordana",
          "score": -5.97
        },
        {
          "name": "Marciele",
          "score": -4.16
        },
        {
          "name": "Alberto Cowboy",
          "score": -3.41
        }
      ]
    },
    {
      "name": "Solange Couto",
      "grupo": "Camarote",
      "cluster": 1,
      "avg_received": -0.4773,
      "std_received": 1.5959,
      "contradictions": 9,
      "pos_received": 6.99,
      "top_love": [
        {
          "name": "Babu Santana",
          "score": 2.4
        },
        {
          "name": "Chaiany",
          "score": 1.45
        },
        {
          "name": "Leandro",
          "score": 1.2
        }
      ],
      "top_hate": [
        {
          "name": "Marciele",
          "score": -2.5
        },
        {
          "name": "Jordana",
          "score": -2.48
        },
        {
          "name": "Gabriela",
          "score": -1.86
        }
      ]
    }
  ],
  "score_matrix_ordered": [
    [
      0.0,
      1.25,
      0.4025,
      1.6,
      1.475,
      0.45,
      1.475,
      -2.362,
      -1.6595,
      3.31,
      -1.5525,
      -0.395,
      -1.9412,
      -2.895
    ],
    [
      1.25,
      0.0,
      1.17,
      1.15,
      0.4025,
      1.495,
      1.2138,
      -1.545,
      -1.795,
      0.025,
      -7.963,
      -2.64,
      -4.3,
      -7.628
    ],
    [
      0.4025,
      1.17,
      0.0,
      1.25,
      0.3025,
      -1.563,
      1.74,
      1.468,
      1.088,
      -2.4925,
      -5.5762,
      -4.813,
      -6.76,
      -2.7375
    ],
    [
      1.6,
      1.15,
      1.25,
      0.0,
      1.25,
      -1.625,
      1.6,
      0.0455,
      -0.222,
      -4.245,
      -10.748,
      -4.42,
      -2.85,
      -4.475
    ],
    [
      1.475,
      0.4025,
      0.3025,
      1.25,
      0.0,
      -1.8875,
      2.3,
      -2.0875,
      -1.3775,
      -2.125,
      -1.95,
      0.66,
      -1.8825,
      -2.6
    ],
    [
      0.45,
      1.495,
      -1.563,
      -1.625,
      -1.8875,
      0.0,
      -0.54,
      1.23,
      1.21,
      -0.975,
      -4.365,
      -1.475,
      -3.16,
      -6.9305
    ],
    [
      1.475,
      1.2138,
      1.74,
      1.6,
      2.3,
      -0.54,
      0.0,
      -1.9295,
      -4.0132,
      -4.4525,
      -2.815,
      -7.521,
      -1.935,
      -3.4575
    ],
    [
      -2.362,
      -1.545,
      1.468,
      0.0455,
      -2.0875,
      1.23,
      -1.9295,
      0.0,
      2.2,
      -2.502,
      -8.48,
      -6.94,
      -1.4725,
      -4.38
    ],
    [
      -1.6595,
      -1.795,
      1.088,
      -0.222,
      -1.3775,
      1.21,
      -4.0132,
      2.2,
      0.0,
      -2.2945,
      -5.252,
      -3.5895,
      -2.74,
      -3.455
    ],
    [
      3.31,
      0.025,
      -2.4925,
      -4.245,
      -2.125,
      -0.975,
      -4.4525,
      -2.502,
      -2.2945,
      0.0,
      -0.32,
      1.25,
      -0.19,
      1.055
    ],
    [
      -1.5525,
      -7.963,
      -5.5762,
      -10.748,
      -1.95,
      -4.365,
      -2.815,
      -8.48,
      -5.252,
      -0.32,
      0.0,
      2.68,
      1.425,
      1.475
    ],
    [
      -0.395,
      -2.64,
      -4.813,
      -4.42,
      0.66,
      -1.475,
      -7.521,
      -6.94,
      -3.5895,
      1.25,
      2.68,
      0.0,
      1.425,
      1.2
    ],
    [
      -1.9412,
      -4.3,
      -6.76,
      -2.85,
      -1.8825,
      -3.16,
      -1.935,
      -1.4725,
      -2.74,
      -0.19,
      1.425,
      1.425,
      0.0,
      1.75
    ],
    [
      -2.895,
      -7.628,
      -2.7375,
      -4.475,
      -2.6,
      -6.9305,
      -3.4575,
      -4.38,
      -3.455,
      1.055,
      1.475,
      1.2,
      1.75,
      0.0
    ]
  ],
  "vote_matrix_ordered": [
    [
      0.0,
      0.7143,
      0.7143,
      0.7143,
      0.4286,
      0.3333,
      0.6667,
      0.5714,
      0.5,
      0.0,
      0.0,
      0.0,
      0.0,
      0.0
    ],
    [
      0.7143,
      0.0,
      0.8571,
      0.8571,
      0.7143,
      0.6667,
      0.8333,
      0.8571,
      0.8333,
      0.1429,
      0.0,
      0.3333,
      0.0,
      0.0
    ],
    [
      0.7143,
      0.8571,
      0.0,
      0.8571,
      0.5714,
      0.5,
      1.0,
      0.7143,
      0.6667,
      0.0,
      0.0,
      0.0,
      0.0,
      0.0
    ],
    [
      0.7143,
      0.8571,
      0.8571,
      0.0,
      0.5714,
      0.5,
      0.8333,
      0.7143,
      0.6667,
      0.0,
      0.0,
      0.0,
      0.0,
      0.0
    ],
    [
      0.4286,
      0.7143,
      0.5714,
      0.5714,
      0.0,
      0.6667,
      0.6667,
      0.5714,
      0.6667,
      0.1429,
      0.0,
      0.3333,
      0.0,
      0.0
    ],
    [
      0.3333,
      0.6667,
      0.5,
      0.5,
      0.6667,
      0.0,
      0.6,
      0.6667,
      0.8,
      0.3333,
      0.25,
      1.0,
      0.3333,
      0.1667
    ],
    [
      0.6667,
      0.8333,
      1.0,
      0.8333,
      0.6667,
      0.6,
      0.0,
      0.6667,
      0.6667,
      0.0,
      0.0,
      0.0,
      0.0,
      0.0
    ],
    [
      0.5714,
      0.8571,
      0.7143,
      0.7143,
      0.5714,
      0.6667,
      0.6667,
      0.0,
      1.0,
      0.1429,
      0.0,
      0.3333,
      0.0,
      0.0
    ],
    [
      0.5,
      0.8333,
      0.6667,
      0.6667,
      0.6667,
      0.8,
      0.6667,
      1.0,
      0.0,
      0.1667,
      0.0,
      0.3333,
      0.0,
      0.0
    ],
    [
      0.0,
      0.1429,
      0.0,
      0.0,
      0.1429,
      0.3333,
      0.0,
      0.1429,
      0.1667,
      0.0,
      0.8,
      1.0,
      0.5714,
      0.5714
    ],
    [
      0.0,
      0.0,
      0.0,
      0.0,
      0.0,
      0.25,
      0.0,
      0.0,
      0.0,
      0.8,
      0.0,
      1.0,
      0.8,
      0.8
    ],
    [
      0.0,
      0.3333,
      0.0,
      0.0,
      0.3333,
      1.0,
      0.0,
      0.3333,
      0.3333,
      1.0,
      1.0,
      0.0,
      0.6667,
      0.6667
    ],
    [
      0.0,
      0.0,
      0.0,
      0.0,
      0.0,
      0.3333,
      0.0,
      0.0,
      0.0,
      0.5714,
      0.8,
      0.6667,
      0.0,
      0.7143
    ],
    [
      0.0,
      0.0,
      0.0,
      0.0,
      0.0,
      0.1667,
      0.0,
      0.0,
      0.0,
      0.5714,
      0.8,
      0.6667,
      0.7143,
      0.0
    ]
  ]
}