{
  "_metadata": {
    "generated_at": "2026-03-23T14:59:31.873874+00:00",
    "date": "2026-03-23",
    "week": 10,
    "reference_date": "2026-03-23",
    "n_active": 12,
    "n_clusters": 3,
    "n_paredoes": 9,
    "n_contradictions": 43,
    "n_tensions": 3,
    "silhouette_coefficient": 0.1955,
    "resolution_used": 0.5,
    "best_cohesion": {
      "label": 1,
      "name": "Aliança Grupo Misto",
      "score": 1.6617
    },
    "worst_rivalry": {
      "key": "1<>2",
      "score": -6.6853,
      "text": "Aliança Grupo Misto vs Grupo Misto"
    }
  },
  "active_names": [
    "Alberto Cowboy",
    "Ana Paula Renault",
    "Chaiany",
    "Gabriela",
    "Jonas Sulzbach",
    "Jordana",
    "Juliano Floss",
    "Leandro",
    "Marciele",
    "Milena",
    "Samira",
    "Solange Couto"
  ],
  "cluster_order": [
    "Alberto Cowboy",
    "Jonas Sulzbach",
    "Marciele",
    "Jordana",
    "Milena",
    "Ana Paula Renault",
    "Samira",
    "Juliano Floss",
    "Chaiany",
    "Solange Couto",
    "Leandro",
    "Gabriela"
  ],
  "communities": [
    {
      "label": 1,
      "name": "Aliança Grupo Misto",
      "color": "#e74c3c",
      "members": [
        "Alberto Cowboy",
        "Jonas Sulzbach",
        "Jordana",
        "Marciele"
      ],
      "group_composition": {
        "Veterano": 2,
        "Pipoca": 2
      },
      "cohesion": 1.6617,
      "best_external": {
        "label": 3,
        "name": "Frente Núcleo Pipoca",
        "score": -4.8945
      },
      "worst_external": {
        "label": 2,
        "name": "Grupo Misto",
        "score": -6.6853
      }
    },
    {
      "label": 2,
      "name": "Grupo Misto",
      "color": "#3498db",
      "members": [
        "Ana Paula Renault",
        "Juliano Floss",
        "Milena",
        "Samira"
      ],
      "group_composition": {
        "Pipoca": 2,
        "Veterano": 1,
        "Camarote": 1
      },
      "cohesion": 1.0913,
      "best_external": {
        "label": 3,
        "name": "Frente Núcleo Pipoca",
        "score": -2.0155
      },
      "worst_external": {
        "label": 1,
        "name": "Aliança Grupo Misto",
        "score": -6.6853
      }
    },
    {
      "label": 3,
      "name": "Frente Núcleo Pipoca",
      "color": "#2ecc71",
      "members": [
        "Chaiany",
        "Gabriela",
        "Leandro",
        "Solange Couto"
      ],
      "group_composition": {
        "Pipoca": 3,
        "Camarote": 1
      },
      "cohesion": -1.2268,
      "best_external": {
        "label": 2,
        "name": "Grupo Misto",
        "score": -2.0155
      },
      "worst_external": {
        "label": 1,
        "name": "Aliança Grupo Misto",
        "score": -4.8945
      }
    }
  ],
  "inter_cluster": [
    {
      "cluster_a": 1,
      "cluster_b": 2,
      "name_a": "Aliança Grupo Misto",
      "name_b": "Grupo Misto",
      "score_sym": -6.6853,
      "score_a_to_b": -5.8887,
      "score_b_to_a": -7.4818,
      "vote_alignment": 0.1797
    },
    {
      "cluster_a": 1,
      "cluster_b": 3,
      "name_a": "Aliança Grupo Misto",
      "name_b": "Frente Núcleo Pipoca",
      "score_sym": -4.8945,
      "score_a_to_b": -4.6942,
      "score_b_to_a": -5.0948,
      "vote_alignment": 0.1976
    },
    {
      "cluster_a": 2,
      "cluster_b": 3,
      "name_a": "Grupo Misto",
      "name_b": "Frente Núcleo Pipoca",
      "score_sym": -2.0155,
      "score_a_to_b": -2.0242,
      "score_b_to_a": -2.0068,
      "vote_alignment": 0.4175
    }
  ],
  "polarization": [
    {
      "name": "Alberto Cowboy",
      "grupo": "Veterano",
      "cluster": 1,
      "avg_received": -4.2153,
      "std_received": 5.1888,
      "contradictions": 3,
      "pos_received": 4.95,
      "top_love": [
        {
          "name": "Jonas Sulzbach",
          "score": 2.35
        },
        {
          "name": "Jordana",
          "score": 1.3
        },
        {
          "name": "Marciele",
          "score": 1.3
        }
      ],
      "top_hate": [
        {
          "name": "Leandro",
          "score": -14.32
        },
        {
          "name": "Milena",
          "score": -11.37
        },
        {
          "name": "Ana Paula Renault",
          "score": -7.89
        }
      ]
    },
    {
      "name": "Ana Paula Renault",
      "grupo": "Veterano",
      "cluster": 2,
      "avg_received": -2.4668,
      "std_received": 3.2561,
      "contradictions": 0,
      "pos_received": 6.666,
      "top_love": [
        {
          "name": "Milena",
          "score": 3.31
        },
        {
          "name": "Samira",
          "score": 2.0
        },
        {
          "name": "Juliano Floss",
          "score": 1.36
        }
      ],
      "top_hate": [
        {
          "name": "Alberto Cowboy",
          "score": -7.25
        },
        {
          "name": "Jonas Sulzbach",
          "score": -5.62
        },
        {
          "name": "Chaiany",
          "score": -5.39
        }
      ]
    },
    {
      "name": "Chaiany",
      "grupo": "Pipoca",
      "cluster": 3,
      "avg_received": -1.2553,
      "std_received": 2.8459,
      "contradictions": 5,
      "pos_received": 6.475,
      "top_love": [
        {
          "name": "Gabriela",
          "score": 3.31
        },
        {
          "name": "Leandro",
          "score": 2.15
        },
        {
          "name": "Solange Couto",
          "score": 0.7
        }
      ],
      "top_hate": [
        {
          "name": "Jordana",
          "score": -6.75
        },
        {
          "name": "Alberto Cowboy",
          "score": -4.84
        },
        {
          "name": "Ana Paula Renault",
          "score": -3.21
        }
      ]
    },
    {
      "name": "Gabriela",
      "grupo": "Pipoca",
      "cluster": 3,
      "avg_received": -2.4042,
      "std_received": 3.3153,
      "contradictions": 6,
      "pos_received": 4.67,
      "top_love": [
        {
          "name": "Chaiany",
          "score": 3.31
        },
        {
          "name": "Alberto Cowboy",
          "score": 0.95
        },
        {
          "name": "Jordana",
          "score": 0.41
        }
      ],
      "top_hate": [
        {
          "name": "Leandro",
          "score": -8.72
        },
        {
          "name": "Solange Couto",
          "score": -6.88
        },
        {
          "name": "Jonas Sulzbach",
          "score": -4.86
        }
      ]
    },
    {
      "name": "Jonas Sulzbach",
      "grupo": "Veterano",
      "cluster": 1,
      "avg_received": -5.7117,
      "std_received": 5.7776,
      "contradictions": 1,
      "pos_received": 5.23,
      "top_love": [
        {
          "name": "Alberto Cowboy",
          "score": 3.01
        },
        {
          "name": "Jordana",
          "score": 1.2
        },
        {
          "name": "Marciele",
          "score": 1.02
        }
      ],
      "top_hate": [
        {
          "name": "Milena",
          "score": -15.89
        },
        {
          "name": "Juliano Floss",
          "score": -11.86
        },
        {
          "name": "Leandro",
          "score": -11.74
        }
      ]
    },
    {
      "name": "Jordana",
      "grupo": "Pipoca",
      "cluster": 1,
      "avg_received": -4.0338,
      "std_received": 4.7627,
      "contradictions": 6,
      "pos_received": 5.18,
      "top_love": [
        {
          "name": "Alberto Cowboy",
          "score": 1.65
        },
        {
          "name": "Marciele",
          "score": 1.5
        },
        {
          "name": "Jonas Sulzbach",
          "score": 1.2
        }
      ],
      "top_hate": [
        {
          "name": "Chaiany",
          "score": -13.68
        },
        {
          "name": "Leandro",
          "score": -8.44
        },
        {
          "name": "Milena",
          "score": -7.59
        }
      ]
    },
    {
      "name": "Juliano Floss",
      "grupo": "Camarote",
      "cluster": 2,
      "avg_received": -2.9146,
      "std_received": 4.0917,
      "contradictions": 0,
      "pos_received": 4.34,
      "top_love": [
        {
          "name": "Leandro",
          "score": 1.45
        },
        {
          "name": "Solange Couto",
          "score": 1.1
        },
        {
          "name": "Milena",
          "score": 0.97
        }
      ],
      "top_hate": [
        {
          "name": "Marciele",
          "score": -9.2
        },
        {
          "name": "Gabriela",
          "score": -8.04
        },
        {
          "name": "Alberto Cowboy",
          "score": -7.92
        }
      ]
    },
    {
      "name": "Leandro",
      "grupo": "Pipoca",
      "cluster": 3,
      "avg_received": -4.2919,
      "std_received": 4.6583,
      "contradictions": 2,
      "pos_received": 3.7,
      "top_love": [
        {
          "name": "Solange Couto",
          "score": 1.3
        },
        {
          "name": "Chaiany",
          "score": 1.2
        },
        {
          "name": "Juliano Floss",
          "score": 1.2
        }
      ],
      "top_hate": [
        {
          "name": "Alberto Cowboy",
          "score": -10.8
        },
        {
          "name": "Jonas Sulzbach",
          "score": -10.09
        },
        {
          "name": "Jordana",
          "score": -9.71
        }
      ]
    },
    {
      "name": "Marciele",
      "grupo": "Pipoca",
      "cluster": 1,
      "avg_received": -2.5196,
      "std_received": 3.8014,
      "contradictions": 8,
      "pos_received": 6.11,
      "top_love": [
        {
          "name": "Jordana",
          "score": 2.24
        },
        {
          "name": "Jonas Sulzbach",
          "score": 1.62
        },
        {
          "name": "Alberto Cowboy",
          "score": 1.55
        }
      ],
      "top_hate": [
        {
          "name": "Juliano Floss",
          "score": -10.56
        },
        {
          "name": "Leandro",
          "score": -5.97
        },
        {
          "name": "Ana Paula Renault",
          "score": -5.88
        }
      ]
    },
    {
      "name": "Milena",
      "grupo": "Pipoca",
      "cluster": 2,
      "avg_received": -3.1259,
      "std_received": 5.4968,
      "contradictions": 0,
      "pos_received": 7.092,
      "top_love": [
        {
          "name": "Ana Paula Renault",
          "score": 2.2
        },
        {
          "name": "Juliano Floss",
          "score": 2.12
        },
        {
          "name": "Samira",
          "score": 1.92
        }
      ],
      "top_hate": [
        {
          "name": "Jonas Sulzbach",
          "score": -14.42
        },
        {
          "name": "Alberto Cowboy",
          "score": -13.17
        },
        {
          "name": "Solange Couto",
          "score": -4.0
        }
      ]
    },
    {
      "name": "Samira",
      "grupo": "Pipoca",
      "cluster": 2,
      "avg_received": -1.7865,
      "std_received": 2.1714,
      "contradictions": 10,
      "pos_received": 2.38,
      "top_love": [
        {
          "name": "Ana Paula Renault",
          "score": 0.84
        },
        {
          "name": "Leandro",
          "score": 0.81
        },
        {
          "name": "Milena",
          "score": 0.69
        }
      ],
      "top_hate": [
        {
          "name": "Jordana",
          "score": -4.68
        },
        {
          "name": "Marciele",
          "score": -4.56
        },
        {
          "name": "Jonas Sulzbach",
          "score": -3.98
        }
      ]
    },
    {
      "name": "Solange Couto",
      "grupo": "Camarote",
      "cluster": 3,
      "avg_received": -3.1592,
      "std_received": 3.1826,
      "contradictions": 11,
      "pos_received": 2.51,
      "top_love": [
        {
          "name": "Leandro",
          "score": 1.35
        },
        {
          "name": "Chaiany",
          "score": 1.13
        },
        {
          "name": "Juliano Floss",
          "score": 0.03
        }
      ],
      "top_hate": [
        {
          "name": "Jordana",
          "score": -8.59
        },
        {
          "name": "Ana Paula Renault",
          "score": -6.5
        },
        {
          "name": "Gabriela",
          "score": -6.39
        }
      ]
    }
  ],
  "score_matrix_ordered": [
    [
      0.0,
      2.68,
      1.425,
      1.475,
      -12.273,
      -7.572,
      -3.54,
      -7.6813,
      -3.5675,
      -1.83,
      -12.558,
      -0.245
    ],
    [
      2.68,
      0.0,
      1.32,
      1.2,
      -15.156,
      -7.315,
      -5.2605,
      -9.3885,
      -3.36,
      -2.6,
      -10.9105,
      -5.0955
    ],
    [
      1.425,
      1.32,
      0.0,
      1.87,
      -2.525,
      -4.625,
      -4.17,
      -9.88,
      -1.6812,
      -3.545,
      -6.873,
      -0.19
    ],
    [
      1.475,
      1.2,
      1.87,
      0.0,
      -5.32,
      -3.435,
      -5.588,
      -3.235,
      -10.2155,
      -7.1875,
      -9.073,
      0.62
    ],
    [
      -12.273,
      -15.156,
      -2.525,
      -5.32,
      0.0,
      2.755,
      1.305,
      1.543,
      -2.032,
      -3.3975,
      -0.107,
      -3.607
    ],
    [
      -7.572,
      -7.315,
      -4.625,
      -3.435,
      2.755,
      0.0,
      1.42,
      1.088,
      -4.3,
      -5.688,
      -3.035,
      -2.0895
    ],
    [
      -3.54,
      -5.2605,
      -4.17,
      -5.588,
      1.305,
      1.42,
      0.0,
      -1.563,
      0.1575,
      -3.55,
      -0.215,
      -0.815
    ],
    [
      -7.6813,
      -9.3885,
      -9.88,
      -3.235,
      1.543,
      1.088,
      -1.563,
      0.0,
      -0.27,
      0.565,
      1.325,
      -5.19
    ],
    [
      -3.5675,
      -3.36,
      -1.6812,
      -10.2155,
      -2.032,
      -4.3,
      0.1575,
      -0.27,
      0.0,
      0.915,
      1.675,
      3.31
    ],
    [
      -1.83,
      -2.6,
      -3.545,
      -7.1875,
      -3.3975,
      -5.688,
      -3.55,
      0.565,
      0.915,
      0.0,
      1.325,
      -6.6325
    ],
    [
      -12.558,
      -10.9105,
      -6.873,
      -9.073,
      -0.107,
      -3.035,
      -0.215,
      1.325,
      1.675,
      1.325,
      0.0,
      -7.953
    ],
    [
      -0.245,
      -5.0955,
      -0.19,
      0.62,
      -3.607,
      -2.0895,
      -0.815,
      -5.19,
      3.31,
      -6.6325,
      -7.953,
      0.0
    ]
  ],
  "vote_matrix_ordered": [
    [
      0.0,
      1.0,
      0.8,
      0.8,
      0.0,
      0.0,
      0.25,
      0.0,
      0.0,
      0.0,
      0.0,
      0.8
    ],
    [
      1.0,
      0.0,
      0.75,
      0.75,
      0.25,
      0.5,
      1.0,
      0.0,
      0.0,
      0.25,
      0.0,
      1.0
    ],
    [
      0.8,
      0.75,
      0.0,
      0.7778,
      0.0,
      0.125,
      0.375,
      0.0,
      0.0,
      0.0,
      0.0,
      0.5556
    ],
    [
      0.8,
      0.75,
      0.7778,
      0.0,
      0.0,
      0.125,
      0.25,
      0.0,
      0.0,
      0.0,
      0.0,
      0.5556
    ],
    [
      0.0,
      0.25,
      0.0,
      0.0,
      0.0,
      0.75,
      0.5,
      0.6667,
      0.5556,
      0.5556,
      0.6667,
      0.1111
    ],
    [
      0.0,
      0.5,
      0.125,
      0.125,
      0.75,
      0.0,
      0.8571,
      0.625,
      0.375,
      0.5,
      0.5,
      0.25
    ],
    [
      0.25,
      1.0,
      0.375,
      0.25,
      0.5,
      0.8571,
      0.0,
      0.5,
      0.25,
      0.5,
      0.375,
      0.375
    ],
    [
      0.0,
      0.0,
      0.0,
      0.0,
      0.6667,
      0.625,
      0.5,
      0.0,
      0.5556,
      0.4444,
      0.6667,
      0.0
    ],
    [
      0.0,
      0.0,
      0.0,
      0.0,
      0.5556,
      0.375,
      0.25,
      0.5556,
      0.0,
      0.4444,
      0.6667,
      0.0
    ],
    [
      0.0,
      0.25,
      0.0,
      0.0,
      0.5556,
      0.5,
      0.5,
      0.4444,
      0.4444,
      0.0,
      0.6667,
      0.1111
    ],
    [
      0.0,
      0.0,
      0.0,
      0.0,
      0.6667,
      0.5,
      0.375,
      0.6667,
      0.6667,
      0.6667,
      0.0,
      0.0
    ],
    [
      0.8,
      1.0,
      0.5556,
      0.5556,
      0.1111,
      0.25,
      0.375,
      0.0,
      0.0,
      0.1111,
      0.0,
      0.0
    ]
  ]
}