{
  "_metadata": {
    "generated_at": "2026-02-26T04:45:46.331404+00:00",
    "date": "2026-02-25",
    "week": 7,
    "reference_date": "2026-02-25",
    "n_active": 14,
    "n_clusters": 2,
    "n_paredoes": 6,
    "n_contradictions": 28,
    "n_tensions": 1,
    "silhouette_coefficient": 0.431,
    "resolution_used": 0.5,
    "best_cohesion": {
      "label": 2,
      "name": "Aliança Grupo Misto",
      "score": 1.5542
    },
    "worst_rivalry": {
      "key": "1<>2",
      "score": -3.1951,
      "text": "Grupo Misto vs Aliança Grupo Misto"
    }
  },
  "active_names": [
    "Alberto Cowboy",
    "Ana Paula Renault",
    "Babu Santana",
    "Breno",
    "Chaiany",
    "Gabriela",
    "Jonas Sulzbach",
    "Jordana",
    "Juliano Floss",
    "Leandro",
    "Marciele",
    "Milena",
    "Samira",
    "Solange Couto"
  ],
  "cluster_order": [
    "Chaiany",
    "Breno",
    "Juliano Floss",
    "Babu Santana",
    "Leandro",
    "Solange Couto",
    "Samira",
    "Milena",
    "Ana Paula Renault",
    "Gabriela",
    "Alberto Cowboy",
    "Jonas Sulzbach",
    "Marciele",
    "Jordana"
  ],
  "communities": [
    {
      "label": 1,
      "name": "Grupo Misto",
      "color": "#e74c3c",
      "members": [
        "Ana Paula Renault",
        "Babu Santana",
        "Breno",
        "Chaiany",
        "Gabriela",
        "Juliano Floss",
        "Leandro",
        "Milena",
        "Samira",
        "Solange Couto"
      ],
      "group_composition": {
        "Pipoca": 6,
        "Veterano": 2,
        "Camarote": 2
      },
      "cohesion": 0.139,
      "best_external": {
        "label": 2,
        "name": "Aliança Grupo Misto",
        "score": -3.1951
      },
      "worst_external": {
        "label": 2,
        "name": "Aliança Grupo Misto",
        "score": -3.1951
      }
    },
    {
      "label": 2,
      "name": "Aliança Grupo Misto",
      "color": "#3498db",
      "members": [
        "Alberto Cowboy",
        "Jonas Sulzbach",
        "Jordana",
        "Marciele"
      ],
      "group_composition": {
        "Veterano": 2,
        "Pipoca": 2
      },
      "cohesion": 1.5542,
      "best_external": {
        "label": 1,
        "name": "Grupo Misto",
        "score": -3.1951
      },
      "worst_external": {
        "label": 1,
        "name": "Grupo Misto",
        "score": -3.1951
      }
    }
  ],
  "inter_cluster": [
    {
      "cluster_a": 1,
      "cluster_b": 2,
      "name_a": "Grupo Misto",
      "name_b": "Aliança Grupo Misto",
      "score_sym": -3.1951,
      "score_a_to_b": -3.4125,
      "score_b_to_a": -2.9778,
      "vote_alignment": 0.1625
    }
  ],
  "polarization": [
    {
      "name": "Alberto Cowboy",
      "grupo": "Veterano",
      "cluster": 2,
      "avg_received": -3.4848,
      "std_received": 3.7973,
      "contradictions": 1,
      "pos_received": 4.95,
      "top_love": [
        {
          "name": "Jonas Sulzbach",
          "score": 2.35
        },
        {
          "name": "Jordana",
          "score": 1.3
        },
        {
          "name": "Marciele",
          "score": 1.3
        }
      ],
      "top_hate": [
        {
          "name": "Leandro",
          "score": -11.28
        },
        {
          "name": "Milena",
          "score": -7.76
        },
        {
          "name": "Ana Paula Renault",
          "score": -5.94
        }
      ]
    },
    {
      "name": "Ana Paula Renault",
      "grupo": "Veterano",
      "cluster": 1,
      "avg_received": -0.6348,
      "std_received": 1.655,
      "contradictions": 0,
      "pos_received": 6.162,
      "top_love": [
        {
          "name": "Milena",
          "score": 2.2
        },
        {
          "name": "Samira",
          "score": 1.8
        },
        {
          "name": "Juliano Floss",
          "score": 1.36
        }
      ],
      "top_hate": [
        {
          "name": "Alberto Cowboy",
          "score": -3.12
        },
        {
          "name": "Jonas Sulzbach",
          "score": -2.67
        },
        {
          "name": "Marciele",
          "score": -2.19
        }
      ]
    },
    {
      "name": "Babu Santana",
      "grupo": "Veterano",
      "cluster": 1,
      "avg_received": -0.698,
      "std_received": 2.6823,
      "contradictions": 0,
      "pos_received": 8.295,
      "top_love": [
        {
          "name": "Solange Couto",
          "score": 2.2
        },
        {
          "name": "Leandro",
          "score": 1.7
        },
        {
          "name": "Juliano Floss",
          "score": 1.63
        }
      ],
      "top_hate": [
        {
          "name": "Jonas Sulzbach",
          "score": -7.27
        },
        {
          "name": "Gabriela",
          "score": -4.98
        },
        {
          "name": "Jordana",
          "score": -2.5
        }
      ]
    },
    {
      "name": "Breno",
      "grupo": "Pipoca",
      "cluster": 1,
      "avg_received": -0.094,
      "std_received": 1.3906,
      "contradictions": 1,
      "pos_received": 8.0775,
      "top_love": [
        {
          "name": "Samira",
          "score": 1.3
        },
        {
          "name": "Babu Santana",
          "score": 1.28
        },
        {
          "name": "Gabriela",
          "score": 1.2
        }
      ],
      "top_hate": [
        {
          "name": "Alberto Cowboy",
          "score": -2.17
        },
        {
          "name": "Milena",
          "score": -1.86
        },
        {
          "name": "Marciele",
          "score": -1.78
        }
      ]
    },
    {
      "name": "Chaiany",
      "grupo": "Pipoca",
      "cluster": 1,
      "avg_received": -0.0325,
      "std_received": 2.071,
      "contradictions": 4,
      "pos_received": 11.61,
      "top_love": [
        {
          "name": "Gabriela",
          "score": 3.31
        },
        {
          "name": "Leandro",
          "score": 2.0
        },
        {
          "name": "Breno",
          "score": 1.5
        }
      ],
      "top_hate": [
        {
          "name": "Alberto Cowboy",
          "score": -4.31
        },
        {
          "name": "Jordana",
          "score": -2.54
        },
        {
          "name": "Milena",
          "score": -1.85
        }
      ]
    },
    {
      "name": "Gabriela",
      "grupo": "Pipoca",
      "cluster": 1,
      "avg_received": -0.9185,
      "std_received": 1.9806,
      "contradictions": 6,
      "pos_received": 5.395,
      "top_love": [
        {
          "name": "Chaiany",
          "score": 3.16
        },
        {
          "name": "Jonas Sulzbach",
          "score": 1.3
        },
        {
          "name": "Breno",
          "score": 0.67
        }
      ],
      "top_hate": [
        {
          "name": "Babu Santana",
          "score": -3.91
        },
        {
          "name": "Solange Couto",
          "score": -3.79
        },
        {
          "name": "Leandro",
          "score": -3.1
        }
      ]
    },
    {
      "name": "Jonas Sulzbach",
      "grupo": "Veterano",
      "cluster": 2,
      "avg_received": -2.1548,
      "std_received": 3.2861,
      "contradictions": 0,
      "pos_received": 5.68,
      "top_love": [
        {
          "name": "Alberto Cowboy",
          "score": 2.05
        },
        {
          "name": "Gabriela",
          "score": 1.2
        },
        {
          "name": "Jordana",
          "score": 1.2
        }
      ],
      "top_hate": [
        {
          "name": "Babu Santana",
          "score": -8.78
        },
        {
          "name": "Milena",
          "score": -5.96
        },
        {
          "name": "Juliano Floss",
          "score": -5.55
        }
      ]
    },
    {
      "name": "Jordana",
      "grupo": "Pipoca",
      "cluster": 2,
      "avg_received": -2.7354,
      "std_received": 2.6778,
      "contradictions": 2,
      "pos_received": 4.55,
      "top_love": [
        {
          "name": "Alberto Cowboy",
          "score": 1.5
        },
        {
          "name": "Marciele",
          "score": 1.5
        },
        {
          "name": "Jonas Sulzbach",
          "score": 1.2
        }
      ],
      "top_hate": [
        {
          "name": "Chaiany",
          "score": -5.39
        },
        {
          "name": "Babu Santana",
          "score": -5.22
        },
        {
          "name": "Milena",
          "score": -5.17
        }
      ]
    },
    {
      "name": "Juliano Floss",
      "grupo": "Camarote",
      "cluster": 1,
      "avg_received": -1.363,
      "std_received": 2.9339,
      "contradictions": 2,
      "pos_received": 6.77,
      "top_love": [
        {
          "name": "Babu Santana",
          "score": 1.4
        },
        {
          "name": "Leandro",
          "score": 1.3
        },
        {
          "name": "Breno",
          "score": 1.1
        }
      ],
      "top_hate": [
        {
          "name": "Marciele",
          "score": -7.76
        },
        {
          "name": "Alberto Cowboy",
          "score": -5.74
        },
        {
          "name": "Jonas Sulzbach",
          "score": -3.86
        }
      ]
    },
    {
      "name": "Leandro",
      "grupo": "Pipoca",
      "cluster": 1,
      "avg_received": -1.6127,
      "std_received": 3.3118,
      "contradictions": 0,
      "pos_received": 6.65,
      "top_love": [
        {
          "name": "Babu Santana",
          "score": 1.5
        },
        {
          "name": "Solange Couto",
          "score": 1.3
        },
        {
          "name": "Breno",
          "score": 1.2
        }
      ],
      "top_hate": [
        {
          "name": "Alberto Cowboy",
          "score": -10.22
        },
        {
          "name": "Jordana",
          "score": -4.38
        },
        {
          "name": "Gabriela",
          "score": -4.24
        }
      ]
    },
    {
      "name": "Marciele",
      "grupo": "Pipoca",
      "cluster": 2,
      "avg_received": -0.6904,
      "std_received": 1.5882,
      "contradictions": 1,
      "pos_received": 5.75,
      "top_love": [
        {
          "name": "Jordana",
          "score": 2.0
        },
        {
          "name": "Jonas Sulzbach",
          "score": 1.65
        },
        {
          "name": "Alberto Cowboy",
          "score": 1.4
        }
      ],
      "top_hate": [
        {
          "name": "Ana Paula Renault",
          "score": -3.2
        },
        {
          "name": "Juliano Floss",
          "score": -2.61
        },
        {
          "name": "Samira",
          "score": -2.16
        }
      ]
    },
    {
      "name": "Milena",
      "grupo": "Pipoca",
      "cluster": 1,
      "avg_received": -1.4518,
      "std_received": 3.3897,
      "contradictions": 1,
      "pos_received": 8.338,
      "top_love": [
        {
          "name": "Ana Paula Renault",
          "score": 2.2
        },
        {
          "name": "Juliano Floss",
          "score": 2.12
        },
        {
          "name": "Samira",
          "score": 1.72
        }
      ],
      "top_hate": [
        {
          "name": "Alberto Cowboy",
          "score": -9.2
        },
        {
          "name": "Jonas Sulzbach",
          "score": -7.47
        },
        {
          "name": "Jordana",
          "score": -3.14
        }
      ]
    },
    {
      "name": "Samira",
      "grupo": "Pipoca",
      "cluster": 1,
      "avg_received": -0.9669,
      "std_received": 1.8383,
      "contradictions": 2,
      "pos_received": 3.43,
      "top_love": [
        {
          "name": "Breno",
          "score": 1.7
        },
        {
          "name": "Ana Paula Renault",
          "score": 0.84
        },
        {
          "name": "Milena",
          "score": 0.54
        }
      ],
      "top_hate": [
        {
          "name": "Marciele",
          "score": -4.16
        },
        {
          "name": "Jordana",
          "score": -4.01
        },
        {
          "name": "Alberto Cowboy",
          "score": -3.38
        }
      ]
    },
    {
      "name": "Solange Couto",
      "grupo": "Camarote",
      "cluster": 1,
      "avg_received": -0.4281,
      "std_received": 1.9784,
      "contradictions": 4,
      "pos_received": 7.88,
      "top_love": [
        {
          "name": "Babu Santana",
          "score": 2.4
        },
        {
          "name": "Chaiany",
          "score": 1.3
        },
        {
          "name": "Leandro",
          "score": 1.2
        }
      ],
      "top_hate": [
        {
          "name": "Jordana",
          "score": -4.18
        },
        {
          "name": "Gabriela",
          "score": -3.04
        },
        {
          "name": "Alberto Cowboy",
          "score": -2.77
        }
      ]
    }
  ],
  "score_matrix_ordered": [
    [
      0.0,
      1.25,
      1.1,
      1.4,
      1.6,
      1.4,
      0.45,
      -1.597,
      -0.782,
      3.235,
      -2.235,
      -1.265,
      -0.9862,
      -3.965
    ],
    [
      1.25,
      0.0,
      1.05,
      1.2138,
      1.15,
      1.1,
      1.5,
      -1.545,
      -1.57,
      0.935,
      -3.61,
      -1.0725,
      -1.5425,
      -2.63
    ],
    [
      1.1,
      1.05,
      0.0,
      1.515,
      1.25,
      0.565,
      -1.663,
      1.468,
      1.088,
      -2.01,
      -5.5462,
      -4.7055,
      -5.185,
      -2.735
    ],
    [
      1.4,
      1.2138,
      1.515,
      0.0,
      1.6,
      2.3,
      0.0825,
      0.5905,
      -0.4758,
      -4.445,
      -2.8,
      -8.0235,
      -0.98,
      -3.86
    ],
    [
      1.6,
      1.15,
      1.25,
      1.6,
      0.0,
      1.25,
      -1.5725,
      0.503,
      0.453,
      -3.67,
      -10.748,
      -4.4125,
      -1.85,
      -4.49
    ],
    [
      1.4,
      1.1,
      0.565,
      2.3,
      1.25,
      0.0,
      -0.36,
      -0.67,
      -0.695,
      -3.415,
      -2.7725,
      0.485,
      -1.61,
      -4.125
    ],
    [
      0.45,
      1.5,
      -1.663,
      0.0825,
      -1.5725,
      -0.36,
      0.0,
      1.13,
      1.32,
      -0.315,
      -4.08,
      -1.4375,
      -3.16,
      -3.97
    ],
    [
      -1.597,
      -1.545,
      1.468,
      0.5905,
      0.503,
      -0.67,
      1.13,
      0.0,
      2.2,
      -1.852,
      -8.48,
      -6.715,
      -1.475,
      -4.155
    ],
    [
      -0.782,
      -1.57,
      1.088,
      -0.4758,
      0.453,
      -0.695,
      1.32,
      2.2,
      0.0,
      -1.807,
      -4.532,
      -3.307,
      -2.6975,
      -3.365
    ],
    [
      3.235,
      0.935,
      -2.01,
      -4.445,
      -3.67,
      -3.415,
      -0.315,
      -1.852,
      -1.807,
      0.0,
      -1.0275,
      1.25,
      -0.19,
      0.2
    ],
    [
      -2.235,
      -3.61,
      -5.5462,
      -2.8,
      -10.748,
      -2.7725,
      -4.08,
      -8.48,
      -4.532,
      -1.0275,
      0.0,
      2.2,
      1.35,
      1.4
    ],
    [
      -1.265,
      -1.0725,
      -4.7055,
      -8.0235,
      -4.4125,
      0.485,
      -1.4375,
      -6.715,
      -3.307,
      1.25,
      2.2,
      0.0,
      1.425,
      1.2
    ],
    [
      -0.9862,
      -1.5425,
      -5.185,
      -0.98,
      -1.85,
      -1.61,
      -3.16,
      -1.475,
      -2.6975,
      -0.19,
      1.35,
      1.425,
      0.0,
      1.75
    ],
    [
      -3.965,
      -2.63,
      -2.735,
      -3.86,
      -4.49,
      -4.125,
      -3.97,
      -4.155,
      -3.365,
      0.2,
      1.4,
      1.2,
      1.75,
      0.0
    ]
  ],
  "vote_matrix_ordered": [
    [
      0.0,
      0.6667,
      0.6667,
      0.6,
      0.6667,
      0.3333,
      0.3333,
      0.6667,
      0.6,
      0.0,
      0.0,
      0.0,
      0.0,
      0.0
    ],
    [
      0.6667,
      0.0,
      0.8333,
      0.8,
      0.8333,
      0.6667,
      0.6667,
      1.0,
      1.0,
      0.1667,
      0.0,
      0.5,
      0.0,
      0.0
    ],
    [
      0.6667,
      0.8333,
      0.0,
      1.0,
      0.8333,
      0.5,
      0.5,
      0.8333,
      0.8,
      0.0,
      0.0,
      0.0,
      0.0,
      0.0
    ],
    [
      0.6,
      0.8,
      1.0,
      0.0,
      0.8,
      0.6,
      0.6,
      0.8,
      0.8,
      0.0,
      0.0,
      0.0,
      0.0,
      0.0
    ],
    [
      0.6667,
      0.8333,
      0.8333,
      0.8,
      0.0,
      0.5,
      0.5,
      0.8333,
      0.8,
      0.0,
      0.0,
      0.0,
      0.0,
      0.0
    ],
    [
      0.3333,
      0.6667,
      0.5,
      0.6,
      0.5,
      0.0,
      0.6667,
      0.6667,
      0.8,
      0.1667,
      0.0,
      0.5,
      0.0,
      0.0
    ],
    [
      0.3333,
      0.6667,
      0.5,
      0.6,
      0.5,
      0.6667,
      0.0,
      0.6667,
      0.8,
      0.3333,
      0.25,
      1.0,
      0.3333,
      0.1667
    ],
    [
      0.6667,
      1.0,
      0.8333,
      0.8,
      0.8333,
      0.6667,
      0.6667,
      0.0,
      1.0,
      0.1667,
      0.0,
      0.5,
      0.0,
      0.0
    ],
    [
      0.6,
      1.0,
      0.8,
      0.8,
      0.8,
      0.8,
      0.8,
      1.0,
      0.0,
      0.2,
      0.0,
      0.5,
      0.0,
      0.0
    ],
    [
      0.0,
      0.1667,
      0.0,
      0.0,
      0.0,
      0.1667,
      0.3333,
      0.1667,
      0.2,
      0.0,
      0.75,
      1.0,
      0.5,
      0.5
    ],
    [
      0.0,
      0.0,
      0.0,
      0.0,
      0.0,
      0.0,
      0.25,
      0.0,
      0.0,
      0.75,
      0.0,
      1.0,
      0.75,
      0.75
    ],
    [
      0.0,
      0.5,
      0.0,
      0.0,
      0.0,
      0.5,
      1.0,
      0.5,
      0.5,
      1.0,
      1.0,
      0.0,
      0.5,
      0.5
    ],
    [
      0.0,
      0.0,
      0.0,
      0.0,
      0.0,
      0.0,
      0.3333,
      0.0,
      0.0,
      0.5,
      0.75,
      0.5,
      0.0,
      0.6667
    ],
    [
      0.0,
      0.0,
      0.0,
      0.0,
      0.0,
      0.0,
      0.1667,
      0.0,
      0.0,
      0.5,
      0.75,
      0.5,
      0.6667,
      0.0
    ]
  ]
}