{
  "_metadata": {
    "generated_at": "2026-02-21T23:39:38.792234+00:00",
    "date": "2026-02-21",
    "week": 6,
    "reference_date": "2026-02-21",
    "n_active": 15,
    "n_clusters": 2,
    "n_paredoes": 5,
    "n_contradictions": 28,
    "n_tensions": 1,
    "silhouette_coefficient": 0.4173,
    "resolution_used": 0.5,
    "best_cohesion": {
      "label": 2,
      "name": "Grupo Misto A",
      "score": 0.8143
    },
    "worst_rivalry": {
      "key": "1<>2",
      "score": -1.9813,
      "text": "Grupo Misto vs Grupo Misto A"
    }
  },
  "active_names": [
    "Alberto Cowboy",
    "Ana Paula Renault",
    "Babu Santana",
    "Breno",
    "Chaiany",
    "Gabriela",
    "Jonas Sulzbach",
    "Jordana",
    "Juliano Floss",
    "Leandro",
    "Marciele",
    "Maxiane",
    "Milena",
    "Samira",
    "Solange Couto"
  ],
  "cluster_order": [
    "Babu Santana",
    "Chaiany",
    "Leandro",
    "Juliano Floss",
    "Solange Couto",
    "Milena",
    "Ana Paula Renault",
    "Breno",
    "Samira",
    "Jordana",
    "Jonas Sulzbach",
    "Marciele",
    "Alberto Cowboy",
    "Maxiane",
    "Gabriela"
  ],
  "communities": [
    {
      "label": 1,
      "name": "Grupo Misto",
      "color": "#e74c3c",
      "members": [
        "Ana Paula Renault",
        "Babu Santana",
        "Breno",
        "Chaiany",
        "Juliano Floss",
        "Leandro",
        "Milena",
        "Samira",
        "Solange Couto"
      ],
      "group_composition": {
        "Pipoca": 5,
        "Veterano": 2,
        "Camarote": 2
      },
      "cohesion": 0.6177,
      "best_external": {
        "label": 2,
        "name": "Grupo Misto A",
        "score": -1.9813
      },
      "worst_external": {
        "label": 2,
        "name": "Grupo Misto A",
        "score": -1.9813
      }
    },
    {
      "label": 2,
      "name": "Grupo Misto A",
      "color": "#3498db",
      "members": [
        "Alberto Cowboy",
        "Gabriela",
        "Jonas Sulzbach",
        "Jordana",
        "Marciele",
        "Maxiane"
      ],
      "group_composition": {
        "Pipoca": 4,
        "Veterano": 2
      },
      "cohesion": 0.8143,
      "best_external": {
        "label": 1,
        "name": "Grupo Misto",
        "score": -1.9813
      },
      "worst_external": {
        "label": 1,
        "name": "Grupo Misto",
        "score": -1.9813
      }
    }
  ],
  "inter_cluster": [
    {
      "cluster_a": 1,
      "cluster_b": 2,
      "name_a": "Grupo Misto",
      "name_b": "Grupo Misto A",
      "score_sym": -1.9813,
      "score_a_to_b": -2.0861,
      "score_b_to_a": -1.8766,
      "vote_alignment": 0.1253
    }
  ],
  "polarization": [
    {
      "name": "Alberto Cowboy",
      "grupo": "Veterano",
      "cluster": 2,
      "avg_received": -1.4509,
      "std_received": 2.4752,
      "contradictions": 1,
      "pos_received": 4.35,
      "top_love": [
        {
          "name": "Jonas Sulzbach",
          "score": 1.65
        },
        {
          "name": "Jordana",
          "score": 1.0
        },
        {
          "name": "Marciele",
          "score": 1.0
        }
      ],
      "top_hate": [
        {
          "name": "Leandro",
          "score": -8.28
        },
        {
          "name": "Milena",
          "score": -4.46
        },
        {
          "name": "Ana Paula Renault",
          "score": -2.64
        }
      ]
    },
    {
      "name": "Ana Paula Renault",
      "grupo": "Veterano",
      "cluster": 1,
      "avg_received": -0.4234,
      "std_received": 2.0067,
      "contradictions": 0,
      "pos_received": 7.28,
      "top_love": [
        {
          "name": "Milena",
          "score": 1.5
        },
        {
          "name": "Samira",
          "score": 1.3
        },
        {
          "name": "Babu Santana",
          "score": 0.86
        }
      ],
      "top_hate": [
        {
          "name": "Maxiane",
          "score": -6.48
        },
        {
          "name": "Alberto Cowboy",
          "score": -1.82
        },
        {
          "name": "Breno",
          "score": -1.48
        }
      ]
    },
    {
      "name": "Babu Santana",
      "grupo": "Veterano",
      "cluster": 1,
      "avg_received": -0.249,
      "std_received": 2.0766,
      "contradictions": 0,
      "pos_received": 7.94,
      "top_love": [
        {
          "name": "Juliano Floss",
          "score": 1.5
        },
        {
          "name": "Solange Couto",
          "score": 1.5
        },
        {
          "name": "Breno",
          "score": 1.0
        }
      ],
      "top_hate": [
        {
          "name": "Jonas Sulzbach",
          "score": -6.17
        },
        {
          "name": "Gabriela",
          "score": -3.68
        },
        {
          "name": "Jordana",
          "score": -0.79
        }
      ]
    },
    {
      "name": "Breno",
      "grupo": "Pipoca",
      "cluster": 1,
      "avg_received": 0.1557,
      "std_received": 1.1282,
      "contradictions": 1,
      "pos_received": 8.52,
      "top_love": [
        {
          "name": "Gabriela",
          "score": 1.3
        },
        {
          "name": "Babu Santana",
          "score": 1.2
        },
        {
          "name": "Maxiane",
          "score": 1.2
        }
      ],
      "top_hate": [
        {
          "name": "Ana Paula Renault",
          "score": -1.96
        },
        {
          "name": "Milena",
          "score": -1.57
        },
        {
          "name": "Alberto Cowboy",
          "score": -1.4
        }
      ]
    },
    {
      "name": "Chaiany",
      "grupo": "Pipoca",
      "cluster": 1,
      "avg_received": 0.2393,
      "std_received": 1.3526,
      "contradictions": 4,
      "pos_received": 10.15,
      "top_love": [
        {
          "name": "Gabriela",
          "score": 2.61
        },
        {
          "name": "Leandro",
          "score": 1.5
        },
        {
          "name": "Babu Santana",
          "score": 1.0
        }
      ],
      "top_hate": [
        {
          "name": "Alberto Cowboy",
          "score": -2.32
        },
        {
          "name": "Jonas Sulzbach",
          "score": -1.86
        },
        {
          "name": "Jordana",
          "score": -1.54
        }
      ]
    },
    {
      "name": "Gabriela",
      "grupo": "Pipoca",
      "cluster": 2,
      "avg_received": -0.6221,
      "std_received": 1.4238,
      "contradictions": 6,
      "pos_received": 5.52,
      "top_love": [
        {
          "name": "Chaiany",
          "score": 1.5
        },
        {
          "name": "Jonas Sulzbach",
          "score": 1.2
        },
        {
          "name": "Alberto Cowboy",
          "score": 1.0
        }
      ],
      "top_hate": [
        {
          "name": "Solange Couto",
          "score": -2.77
        },
        {
          "name": "Maxiane",
          "score": -2.4
        },
        {
          "name": "Ana Paula Renault",
          "score": -2.1
        }
      ]
    },
    {
      "name": "Jonas Sulzbach",
      "grupo": "Veterano",
      "cluster": 2,
      "avg_received": -1.4336,
      "std_received": 2.5115,
      "contradictions": 0,
      "pos_received": 5.11,
      "top_love": [
        {
          "name": "Alberto Cowboy",
          "score": 1.35
        },
        {
          "name": "Gabriela",
          "score": 1.0
        },
        {
          "name": "Jordana",
          "score": 1.0
        }
      ],
      "top_hate": [
        {
          "name": "Babu Santana",
          "score": -7.48
        },
        {
          "name": "Juliano Floss",
          "score": -4.54
        },
        {
          "name": "Leandro",
          "score": -4.16
        }
      ]
    },
    {
      "name": "Jordana",
      "grupo": "Pipoca",
      "cluster": 2,
      "avg_received": -2.0404,
      "std_received": 2.4192,
      "contradictions": 2,
      "pos_received": 5.53,
      "top_love": [
        {
          "name": "Maxiane",
          "score": 1.38
        },
        {
          "name": "Gabriela",
          "score": 1.15
        },
        {
          "name": "Alberto Cowboy",
          "score": 1.0
        }
      ],
      "top_hate": [
        {
          "name": "Chaiany",
          "score": -5.22
        },
        {
          "name": "Ana Paula Renault",
          "score": -4.76
        },
        {
          "name": "Milena",
          "score": -4.14
        }
      ]
    },
    {
      "name": "Juliano Floss",
      "grupo": "Camarote",
      "cluster": 1,
      "avg_received": -0.4937,
      "std_received": 1.6525,
      "contradictions": 1,
      "pos_received": 6.24,
      "top_love": [
        {
          "name": "Babu Santana",
          "score": 1.2
        },
        {
          "name": "Breno",
          "score": 1.0
        },
        {
          "name": "Chaiany",
          "score": 1.0
        }
      ],
      "top_hate": [
        {
          "name": "Marciele",
          "score": -4.46
        },
        {
          "name": "Jonas Sulzbach",
          "score": -2.5
        },
        {
          "name": "Alberto Cowboy",
          "score": -2.3
        }
      ]
    },
    {
      "name": "Leandro",
      "grupo": "Pipoca",
      "cluster": 1,
      "avg_received": -1.2814,
      "std_received": 2.9287,
      "contradictions": 1,
      "pos_received": 6.04,
      "top_love": [
        {
          "name": "Babu Santana",
          "score": 1.0
        },
        {
          "name": "Breno",
          "score": 1.0
        },
        {
          "name": "Chaiany",
          "score": 1.0
        }
      ],
      "top_hate": [
        {
          "name": "Alberto Cowboy",
          "score": -9.72
        },
        {
          "name": "Gabriela",
          "score": -3.73
        },
        {
          "name": "Jordana",
          "score": -3.47
        }
      ]
    },
    {
      "name": "Marciele",
      "grupo": "Pipoca",
      "cluster": 2,
      "avg_received": -0.1804,
      "std_received": 1.0992,
      "contradictions": 1,
      "pos_received": 5.795,
      "top_love": [
        {
          "name": "Jordana",
          "score": 1.5
        },
        {
          "name": "Maxiane",
          "score": 1.5
        },
        {
          "name": "Alberto Cowboy",
          "score": 1.2
        }
      ],
      "top_hate": [
        {
          "name": "Ana Paula Renault",
          "score": -1.78
        },
        {
          "name": "Milena",
          "score": -1.45
        },
        {
          "name": "Juliano Floss",
          "score": -1.25
        }
      ]
    },
    {
      "name": "Maxiane",
      "grupo": "Pipoca",
      "cluster": 2,
      "avg_received": -0.574,
      "std_received": 1.5102,
      "contradictions": 2,
      "pos_received": 4.63,
      "top_love": [
        {
          "name": "Marciele",
          "score": 1.5
        },
        {
          "name": "Jordana",
          "score": 1.36
        },
        {
          "name": "Jonas Sulzbach",
          "score": 0.87
        }
      ],
      "top_hate": [
        {
          "name": "Ana Paula Renault",
          "score": -4.72
        },
        {
          "name": "Milena",
          "score": -1.76
        },
        {
          "name": "Babu Santana",
          "score": -1.23
        }
      ]
    },
    {
      "name": "Milena",
      "grupo": "Pipoca",
      "cluster": 1,
      "avg_received": -0.867,
      "std_received": 2.5113,
      "contradictions": 1,
      "pos_received": 8.064,
      "top_love": [
        {
          "name": "Babu Santana",
          "score": 2.02
        },
        {
          "name": "Juliano Floss",
          "score": 1.82
        },
        {
          "name": "Ana Paula Renault",
          "score": 1.5
        }
      ],
      "top_hate": [
        {
          "name": "Alberto Cowboy",
          "score": -7.9
        },
        {
          "name": "Jonas Sulzbach",
          "score": -2.67
        },
        {
          "name": "Maxiane",
          "score": -2.58
        }
      ]
    },
    {
      "name": "Samira",
      "grupo": "Pipoca",
      "cluster": 1,
      "avg_received": -0.8918,
      "std_received": 1.5548,
      "contradictions": 3,
      "pos_received": 3.56,
      "top_love": [
        {
          "name": "Babu Santana",
          "score": 1.0
        },
        {
          "name": "Breno",
          "score": 1.0
        },
        {
          "name": "Chaiany",
          "score": 1.0
        }
      ],
      "top_hate": [
        {
          "name": "Jordana",
          "score": -3.55
        },
        {
          "name": "Maxiane",
          "score": -3.04
        },
        {
          "name": "Marciele",
          "score": -2.86
        }
      ]
    },
    {
      "name": "Solange Couto",
      "grupo": "Camarote",
      "cluster": 1,
      "avg_received": -0.2504,
      "std_received": 1.529,
      "contradictions": 5,
      "pos_received": 7.3,
      "top_love": [
        {
          "name": "Babu Santana",
          "score": 1.7
        },
        {
          "name": "Breno",
          "score": 1.0
        },
        {
          "name": "Chaiany",
          "score": 1.0
        }
      ],
      "top_hate": [
        {
          "name": "Maxiane",
          "score": -3.02
        },
        {
          "name": "Marciele",
          "score": -2.5
        },
        {
          "name": "Jordana",
          "score": -2.47
        }
      ]
    }
  ],
  "score_matrix_ordered": [
    [
      0.0,
      1.0,
      1.0,
      1.35,
      1.6,
      1.268,
      0.688,
      1.1,
      0.91,
      -2.15,
      -6.821,
      -0.705,
      -1.095,
      -0.575,
      -2.485
    ],
    [
      1.0,
      0.0,
      1.25,
      1.0,
      1.0,
      0.688,
      0.688,
      1.0,
      1.0,
      -3.38,
      -1.145,
      -0.68,
      -1.39,
      -0.6575,
      2.055
    ],
    [
      1.0,
      1.25,
      0.0,
      1.0,
      1.0,
      0.688,
      0.688,
      1.0,
      -0.7125,
      -3.535,
      -3.6325,
      -1.705,
      -8.998,
      -0.6825,
      -2.915
    ],
    [
      1.35,
      1.0,
      1.0,
      0.0,
      1.0,
      1.168,
      0.688,
      1.0,
      -1.688,
      -1.6225,
      -3.5205,
      -2.855,
      -2.1,
      -1.0225,
      -0.165
    ],
    [
      1.6,
      1.0,
      1.0,
      1.0,
      0.0,
      -0.72,
      0.28,
      0.955,
      -0.3625,
      -2.885,
      -0.24,
      -1.455,
      -1.18,
      -2.1275,
      -2.2
    ],
    [
      1.268,
      0.688,
      0.688,
      1.168,
      -0.72,
      0.0,
      1.5,
      -1.375,
      0.53,
      -2.99,
      -2.657,
      -1.5225,
      -6.18,
      -2.1725,
      -0.962
    ],
    [
      0.688,
      0.688,
      0.688,
      0.688,
      0.28,
      1.5,
      0.0,
      -1.72,
      0.82,
      -2.985,
      -1.937,
      -1.38,
      -2.232,
      -5.598,
      -0.782
    ],
    [
      1.1,
      1.0,
      1.0,
      1.0,
      0.955,
      -1.375,
      -1.72,
      0.0,
      0.955,
      -1.84,
      -0.8325,
      -0.19,
      -1.665,
      0.3725,
      0.445
    ],
    [
      0.91,
      1.0,
      -0.7125,
      -1.688,
      -0.3625,
      0.53,
      0.82,
      0.955,
      0.0,
      -3.5575,
      -0.6225,
      -1.8375,
      -1.66,
      -1.9275,
      -0.41
    ],
    [
      -2.15,
      -3.38,
      -3.535,
      -1.6225,
      -2.885,
      -2.99,
      -2.985,
      -1.84,
      -3.5575,
      0.0,
      1.0,
      1.25,
      1.0,
      1.37,
      1.075
    ],
    [
      -6.821,
      -1.145,
      -3.6325,
      -3.5205,
      -0.24,
      -2.657,
      -1.937,
      -0.8325,
      -0.6225,
      1.0,
      0.0,
      1.075,
      1.5,
      0.815,
      1.1
    ],
    [
      -0.705,
      -0.68,
      -1.705,
      -2.855,
      -1.455,
      -1.5225,
      -1.38,
      -0.19,
      -1.8375,
      1.25,
      1.075,
      0.0,
      1.1,
      1.5,
      -0.39
    ],
    [
      -1.095,
      -1.39,
      -8.998,
      -2.1,
      -1.18,
      -6.18,
      -2.232,
      -1.665,
      -1.66,
      1.0,
      1.5,
      1.1,
      0.0,
      0.55,
      0.22
    ],
    [
      -0.575,
      -0.6575,
      -0.6825,
      -1.0225,
      -2.1275,
      -2.1725,
      -5.598,
      0.3725,
      -1.9275,
      1.37,
      0.815,
      1.5,
      0.55,
      0.0,
      -0.95
    ],
    [
      -2.485,
      2.055,
      -2.915,
      -0.165,
      -2.2,
      -0.962,
      -0.782,
      0.445,
      -0.41,
      1.075,
      1.1,
      -0.39,
      0.22,
      -0.95,
      0.0
    ]
  ],
  "vote_matrix_ordered": [
    [
      0.0,
      0.75,
      0.75,
      1.0,
      0.5,
      0.75,
      0.75,
      0.75,
      0.5,
      0.0,
      0.0,
      0.0,
      0.0,
      0.0,
      0.0
    ],
    [
      0.75,
      0.0,
      0.8,
      0.8,
      0.4,
      0.8,
      0.75,
      0.8,
      0.4,
      0.0,
      0.0,
      0.0,
      0.0,
      0.0,
      0.0
    ],
    [
      0.75,
      0.8,
      0.0,
      0.8,
      0.4,
      0.8,
      0.75,
      0.8,
      0.4,
      0.0,
      0.0,
      0.0,
      0.0,
      0.0,
      0.0
    ],
    [
      1.0,
      0.8,
      0.8,
      0.0,
      0.4,
      0.8,
      0.75,
      0.8,
      0.4,
      0.0,
      0.0,
      0.0,
      0.0,
      0.0,
      0.0
    ],
    [
      0.5,
      0.4,
      0.4,
      0.4,
      0.0,
      0.6,
      0.75,
      0.6,
      0.6,
      0.0,
      0.5,
      0.0,
      0.0,
      0.25,
      0.2
    ],
    [
      0.75,
      0.8,
      0.8,
      0.8,
      0.6,
      0.0,
      1.0,
      1.0,
      0.6,
      0.0,
      0.5,
      0.0,
      0.0,
      0.25,
      0.2
    ],
    [
      0.75,
      0.75,
      0.75,
      0.75,
      0.75,
      1.0,
      0.0,
      1.0,
      0.75,
      0.0,
      0.5,
      0.0,
      0.0,
      0.3333,
      0.25
    ],
    [
      0.75,
      0.8,
      0.8,
      0.8,
      0.6,
      1.0,
      1.0,
      0.0,
      0.6,
      0.0,
      0.5,
      0.0,
      0.0,
      0.25,
      0.2
    ],
    [
      0.5,
      0.4,
      0.4,
      0.4,
      0.6,
      0.6,
      0.75,
      0.6,
      0.0,
      0.2,
      1.0,
      0.4,
      0.3333,
      0.5,
      0.4
    ],
    [
      0.0,
      0.0,
      0.0,
      0.0,
      0.0,
      0.0,
      0.0,
      0.0,
      0.2,
      0.0,
      0.5,
      0.6,
      0.6667,
      0.5,
      0.4
    ],
    [
      0.0,
      0.0,
      0.0,
      0.0,
      0.5,
      0.5,
      0.5,
      0.5,
      1.0,
      0.5,
      0.0,
      0.5,
      1.0,
      1.0,
      1.0
    ],
    [
      0.0,
      0.0,
      0.0,
      0.0,
      0.0,
      0.0,
      0.0,
      0.0,
      0.4,
      0.6,
      0.5,
      0.0,
      0.6667,
      0.75,
      0.4
    ],
    [
      0.0,
      0.0,
      0.0,
      0.0,
      0.0,
      0.0,
      0.0,
      0.0,
      0.3333,
      0.6667,
      1.0,
      0.6667,
      0.0,
      0.5,
      0.6667
    ],
    [
      0.0,
      0.0,
      0.0,
      0.0,
      0.25,
      0.25,
      0.3333,
      0.25,
      0.5,
      0.5,
      1.0,
      0.75,
      0.5,
      0.0,
      0.5
    ],
    [
      0.0,
      0.0,
      0.0,
      0.0,
      0.2,
      0.2,
      0.25,
      0.2,
      0.4,
      0.4,
      1.0,
      0.4,
      0.6667,
      0.5,
      0.0
    ]
  ]
}