{
  "_metadata": {
    "generated_at": "2026-02-19T09:40:37.583811+00:00",
    "date": "2026-02-19",
    "week": 6,
    "reference_date": "2026-02-19",
    "n_active": 15,
    "n_clusters": 2,
    "n_paredoes": 5,
    "n_contradictions": 30,
    "n_tensions": 1,
    "silhouette_coefficient": 0.4011,
    "resolution_used": 0.5,
    "best_cohesion": {
      "label": 2,
      "name": "Grupo Misto A",
      "score": 0.8063
    },
    "worst_rivalry": {
      "key": "1<>2",
      "score": -1.79,
      "text": "Grupo Misto vs Grupo Misto A"
    }
  },
  "active_names": [
    "Alberto Cowboy",
    "Ana Paula Renault",
    "Babu Santana",
    "Breno",
    "Chaiany",
    "Gabriela",
    "Jonas Sulzbach",
    "Jordana",
    "Juliano Floss",
    "Leandro",
    "Marciele",
    "Maxiane",
    "Milena",
    "Samira",
    "Solange Couto"
  ],
  "cluster_order": [
    "Babu Santana",
    "Chaiany",
    "Leandro",
    "Juliano Floss",
    "Solange Couto",
    "Milena",
    "Ana Paula Renault",
    "Breno",
    "Samira",
    "Jordana",
    "Jonas Sulzbach",
    "Marciele",
    "Alberto Cowboy",
    "Maxiane",
    "Gabriela"
  ],
  "communities": [
    {
      "label": 1,
      "name": "Grupo Misto",
      "color": "#e74c3c",
      "members": [
        "Ana Paula Renault",
        "Babu Santana",
        "Breno",
        "Chaiany",
        "Juliano Floss",
        "Leandro",
        "Milena",
        "Samira",
        "Solange Couto"
      ],
      "group_composition": {
        "Pipoca": 5,
        "Veterano": 2,
        "Camarote": 2
      },
      "cohesion": 0.6061,
      "best_external": {
        "label": 2,
        "name": "Grupo Misto A",
        "score": -1.79
      },
      "worst_external": {
        "label": 2,
        "name": "Grupo Misto A",
        "score": -1.79
      }
    },
    {
      "label": 2,
      "name": "Grupo Misto A",
      "color": "#3498db",
      "members": [
        "Alberto Cowboy",
        "Gabriela",
        "Jonas Sulzbach",
        "Jordana",
        "Marciele",
        "Maxiane"
      ],
      "group_composition": {
        "Pipoca": 4,
        "Veterano": 2
      },
      "cohesion": 0.8063,
      "best_external": {
        "label": 1,
        "name": "Grupo Misto",
        "score": -1.79
      },
      "worst_external": {
        "label": 1,
        "name": "Grupo Misto",
        "score": -1.79
      }
    }
  ],
  "inter_cluster": [
    {
      "cluster_a": 1,
      "cluster_b": 2,
      "name_a": "Grupo Misto",
      "name_b": "Grupo Misto A",
      "score_sym": -1.79,
      "score_a_to_b": -1.8272,
      "score_b_to_a": -1.7527,
      "vote_alignment": 0.1253
    }
  ],
  "polarization": [
    {
      "name": "Alberto Cowboy",
      "grupo": "Veterano",
      "cluster": 2,
      "avg_received": -1.243,
      "std_received": 2.3603,
      "contradictions": 1,
      "pos_received": 4.35,
      "top_love": [
        {
          "name": "Jonas Sulzbach",
          "score": 1.65
        },
        {
          "name": "Jordana",
          "score": 1.0
        },
        {
          "name": "Marciele",
          "score": 1.0
        }
      ],
      "top_hate": [
        {
          "name": "Leandro",
          "score": -7.92
        },
        {
          "name": "Milena",
          "score": -4.1
        },
        {
          "name": "Ana Paula Renault",
          "score": -2.28
        }
      ]
    },
    {
      "name": "Ana Paula Renault",
      "grupo": "Veterano",
      "cluster": 1,
      "avg_received": -0.372,
      "std_received": 1.9095,
      "contradictions": 0,
      "pos_received": 7.22,
      "top_love": [
        {
          "name": "Milena",
          "score": 1.5
        },
        {
          "name": "Samira",
          "score": 1.3
        },
        {
          "name": "Babu Santana",
          "score": 0.86
        }
      ],
      "top_hate": [
        {
          "name": "Maxiane",
          "score": -6.12
        },
        {
          "name": "Alberto Cowboy",
          "score": -1.46
        },
        {
          "name": "Breno",
          "score": -1.42
        }
      ]
    },
    {
      "name": "Babu Santana",
      "grupo": "Veterano",
      "cluster": 1,
      "avg_received": -0.2469,
      "std_received": 2.0599,
      "contradictions": 0,
      "pos_received": 7.62,
      "top_love": [
        {
          "name": "Juliano Floss",
          "score": 1.5
        },
        {
          "name": "Solange Couto",
          "score": 1.5
        },
        {
          "name": "Breno",
          "score": 1.0
        }
      ],
      "top_hate": [
        {
          "name": "Jonas Sulzbach",
          "score": -6.29
        },
        {
          "name": "Gabriela",
          "score": -3.38
        },
        {
          "name": "Jordana",
          "score": -0.91
        }
      ]
    },
    {
      "name": "Breno",
      "grupo": "Pipoca",
      "cluster": 1,
      "avg_received": 0.1557,
      "std_received": 1.1051,
      "contradictions": 1,
      "pos_received": 8.34,
      "top_love": [
        {
          "name": "Gabriela",
          "score": 1.3
        },
        {
          "name": "Babu Santana",
          "score": 1.2
        },
        {
          "name": "Maxiane",
          "score": 1.2
        }
      ],
      "top_hate": [
        {
          "name": "Ana Paula Renault",
          "score": -1.96
        },
        {
          "name": "Milena",
          "score": -1.51
        },
        {
          "name": "Alberto Cowboy",
          "score": -1.34
        }
      ]
    },
    {
      "name": "Chaiany",
      "grupo": "Pipoca",
      "cluster": 1,
      "avg_received": 0.2779,
      "std_received": 1.3119,
      "contradictions": 4,
      "pos_received": 10.15,
      "top_love": [
        {
          "name": "Gabriela",
          "score": 2.61
        },
        {
          "name": "Leandro",
          "score": 1.5
        },
        {
          "name": "Babu Santana",
          "score": 1.0
        }
      ],
      "top_hate": [
        {
          "name": "Alberto Cowboy",
          "score": -2.32
        },
        {
          "name": "Jonas Sulzbach",
          "score": -1.83
        },
        {
          "name": "Jordana",
          "score": -1.18
        }
      ]
    },
    {
      "name": "Gabriela",
      "grupo": "Pipoca",
      "cluster": 2,
      "avg_received": -0.56,
      "std_received": 1.3184,
      "contradictions": 8,
      "pos_received": 5.08,
      "top_love": [
        {
          "name": "Chaiany",
          "score": 1.5
        },
        {
          "name": "Jonas Sulzbach",
          "score": 1.2
        },
        {
          "name": "Alberto Cowboy",
          "score": 1.0
        }
      ],
      "top_hate": [
        {
          "name": "Maxiane",
          "score": -2.46
        },
        {
          "name": "Leandro",
          "score": -2.1
        },
        {
          "name": "Solange Couto",
          "score": -2.05
        }
      ]
    },
    {
      "name": "Jonas Sulzbach",
      "grupo": "Veterano",
      "cluster": 2,
      "avg_received": -1.2386,
      "std_received": 2.3863,
      "contradictions": 0,
      "pos_received": 5.11,
      "top_love": [
        {
          "name": "Alberto Cowboy",
          "score": 1.35
        },
        {
          "name": "Gabriela",
          "score": 1.0
        },
        {
          "name": "Jordana",
          "score": 1.0
        }
      ],
      "top_hate": [
        {
          "name": "Babu Santana",
          "score": -7.18
        },
        {
          "name": "Juliano Floss",
          "score": -4.18
        },
        {
          "name": "Leandro",
          "score": -3.8
        }
      ]
    },
    {
      "name": "Jordana",
      "grupo": "Pipoca",
      "cluster": 2,
      "avg_received": -1.7232,
      "std_received": 2.1625,
      "contradictions": 2,
      "pos_received": 5.53,
      "top_love": [
        {
          "name": "Maxiane",
          "score": 1.38
        },
        {
          "name": "Gabriela",
          "score": 1.15
        },
        {
          "name": "Alberto Cowboy",
          "score": 1.0
        }
      ],
      "top_hate": [
        {
          "name": "Ana Paula Renault",
          "score": -4.76
        },
        {
          "name": "Milena",
          "score": -3.51
        },
        {
          "name": "Babu Santana",
          "score": -3.39
        }
      ]
    },
    {
      "name": "Juliano Floss",
      "grupo": "Camarote",
      "cluster": 1,
      "avg_received": -0.4401,
      "std_received": 1.561,
      "contradictions": 1,
      "pos_received": 6.24,
      "top_love": [
        {
          "name": "Babu Santana",
          "score": 1.2
        },
        {
          "name": "Breno",
          "score": 1.0
        },
        {
          "name": "Chaiany",
          "score": 1.0
        }
      ],
      "top_hate": [
        {
          "name": "Marciele",
          "score": -4.1
        },
        {
          "name": "Jonas Sulzbach",
          "score": -2.41
        },
        {
          "name": "Alberto Cowboy",
          "score": -1.97
        }
      ]
    },
    {
      "name": "Leandro",
      "grupo": "Pipoca",
      "cluster": 1,
      "avg_received": -1.1871,
      "std_received": 2.8099,
      "contradictions": 2,
      "pos_received": 6.04,
      "top_love": [
        {
          "name": "Babu Santana",
          "score": 1.0
        },
        {
          "name": "Breno",
          "score": 1.0
        },
        {
          "name": "Chaiany",
          "score": 1.0
        }
      ],
      "top_hate": [
        {
          "name": "Alberto Cowboy",
          "score": -9.36
        },
        {
          "name": "Jordana",
          "score": -3.59
        },
        {
          "name": "Gabriela",
          "score": -3.07
        }
      ]
    },
    {
      "name": "Marciele",
      "grupo": "Pipoca",
      "cluster": 2,
      "avg_received": -0.0968,
      "std_received": 1.0267,
      "contradictions": 1,
      "pos_received": 5.795,
      "top_love": [
        {
          "name": "Jordana",
          "score": 1.5
        },
        {
          "name": "Maxiane",
          "score": 1.5
        },
        {
          "name": "Alberto Cowboy",
          "score": 1.2
        }
      ],
      "top_hate": [
        {
          "name": "Ana Paula Renault",
          "score": -1.51
        },
        {
          "name": "Milena",
          "score": -1.35
        },
        {
          "name": "Juliano Floss",
          "score": -1.07
        }
      ]
    },
    {
      "name": "Maxiane",
      "grupo": "Pipoca",
      "cluster": 2,
      "avg_received": -0.4583,
      "std_received": 1.3727,
      "contradictions": 2,
      "pos_received": 4.6,
      "top_love": [
        {
          "name": "Marciele",
          "score": 1.5
        },
        {
          "name": "Jordana",
          "score": 1.36
        },
        {
          "name": "Jonas Sulzbach",
          "score": 0.87
        }
      ],
      "top_hate": [
        {
          "name": "Ana Paula Renault",
          "score": -4.09
        },
        {
          "name": "Milena",
          "score": -1.68
        },
        {
          "name": "Babu Santana",
          "score": -1.17
        }
      ]
    },
    {
      "name": "Milena",
      "grupo": "Pipoca",
      "cluster": 1,
      "avg_received": -0.7213,
      "std_received": 2.3957,
      "contradictions": 1,
      "pos_received": 8.034,
      "top_love": [
        {
          "name": "Babu Santana",
          "score": 2.02
        },
        {
          "name": "Juliano Floss",
          "score": 1.82
        },
        {
          "name": "Ana Paula Renault",
          "score": 1.5
        }
      ],
      "top_hate": [
        {
          "name": "Alberto Cowboy",
          "score": -7.54
        },
        {
          "name": "Jonas Sulzbach",
          "score": -2.49
        },
        {
          "name": "Maxiane",
          "score": -2.28
        }
      ]
    },
    {
      "name": "Samira",
      "grupo": "Pipoca",
      "cluster": 1,
      "avg_received": -0.8696,
      "std_received": 1.436,
      "contradictions": 3,
      "pos_received": 3.35,
      "top_love": [
        {
          "name": "Babu Santana",
          "score": 1.0
        },
        {
          "name": "Chaiany",
          "score": 1.0
        },
        {
          "name": "Breno",
          "score": 0.97
        }
      ],
      "top_hate": [
        {
          "name": "Jordana",
          "score": -3.37
        },
        {
          "name": "Maxiane",
          "score": -2.62
        },
        {
          "name": "Marciele",
          "score": -2.5
        }
      ]
    },
    {
      "name": "Solange Couto",
      "grupo": "Camarote",
      "cluster": 1,
      "avg_received": -0.2396,
      "std_received": 1.5237,
      "contradictions": 6,
      "pos_received": 7.3,
      "top_love": [
        {
          "name": "Babu Santana",
          "score": 1.7
        },
        {
          "name": "Breno",
          "score": 1.0
        },
        {
          "name": "Chaiany",
          "score": 1.0
        }
      ],
      "top_hate": [
        {
          "name": "Maxiane",
          "score": -3.0
        },
        {
          "name": "Jordana",
          "score": -2.59
        },
        {
          "name": "Marciele",
          "score": -2.5
        }
      ]
    }
  ],
  "score_matrix_ordered": [
    [
      0.0,
      1.0,
      1.0,
      1.35,
      1.6,
      1.268,
      0.688,
      1.1,
      0.565,
      -2.15,
      -6.731,
      -0.675,
      -0.57,
      -0.575,
      -2.335
    ],
    [
      1.0,
      0.0,
      1.25,
      1.0,
      1.0,
      0.688,
      0.688,
      1.0,
      1.0,
      -2.165,
      -1.115,
      -0.5,
      -1.255,
      -0.4625,
      2.055
    ],
    [
      1.0,
      1.25,
      0.0,
      1.0,
      1.0,
      0.688,
      0.688,
      1.0,
      -0.6975,
      -3.445,
      -3.2575,
      -1.675,
      -8.638,
      -0.6375,
      -2.585
    ],
    [
      1.35,
      1.0,
      1.0,
      0.0,
      1.0,
      1.168,
      0.688,
      0.97,
      -1.688,
      -1.4725,
      -3.2955,
      -2.585,
      -1.785,
      -1.0075,
      -0.54
    ],
    [
      1.6,
      1.0,
      1.0,
      1.0,
      0.0,
      -0.72,
      0.28,
      0.925,
      -0.3875,
      -2.795,
      -0.09,
      -1.545,
      -1.0,
      -2.0825,
      -1.72
    ],
    [
      1.268,
      0.688,
      0.688,
      1.168,
      -0.72,
      0.0,
      1.5,
      -1.345,
      0.515,
      -2.495,
      -2.372,
      -1.1925,
      -5.82,
      -1.9775,
      -0.767
    ],
    [
      0.688,
      0.688,
      0.688,
      0.688,
      0.28,
      1.5,
      0.0,
      -1.69,
      0.82,
      -3.075,
      -1.667,
      -1.245,
      -1.872,
      -5.103,
      -0.362
    ],
    [
      1.1,
      1.0,
      1.0,
      0.97,
      0.925,
      -1.345,
      -1.69,
      0.0,
      0.91,
      -1.615,
      -0.6075,
      -0.235,
      -1.455,
      0.3875,
      0.775
    ],
    [
      0.565,
      1.0,
      -0.6975,
      -1.688,
      -0.3875,
      0.515,
      0.82,
      0.91,
      0.0,
      -3.2725,
      -0.4725,
      -1.4625,
      -1.495,
      -1.5225,
      -1.1
    ],
    [
      -2.15,
      -2.165,
      -3.445,
      -1.4725,
      -2.795,
      -2.495,
      -3.075,
      -1.615,
      -3.2725,
      0.0,
      1.0,
      1.25,
      1.0,
      1.37,
      1.075
    ],
    [
      -6.731,
      -1.115,
      -3.2575,
      -3.2955,
      -0.09,
      -2.372,
      -1.667,
      -0.6075,
      -0.4725,
      1.0,
      0.0,
      1.075,
      1.5,
      0.815,
      1.1
    ],
    [
      -0.675,
      -0.5,
      -1.675,
      -2.585,
      -1.545,
      -1.1925,
      -1.245,
      -0.235,
      -1.4625,
      1.25,
      1.075,
      0.0,
      1.1,
      1.5,
      -0.435
    ],
    [
      -0.57,
      -1.255,
      -8.638,
      -1.785,
      -1.0,
      -5.82,
      -1.872,
      -1.455,
      -1.495,
      1.0,
      1.5,
      1.1,
      0.0,
      0.55,
      0.19
    ],
    [
      -0.575,
      -0.4625,
      -0.6375,
      -1.0075,
      -2.0825,
      -1.9775,
      -5.103,
      0.3875,
      -1.5225,
      1.37,
      0.815,
      1.5,
      0.55,
      0.0,
      -0.995
    ],
    [
      -2.335,
      2.055,
      -2.585,
      -0.54,
      -1.72,
      -0.767,
      -0.362,
      0.775,
      -1.1,
      1.075,
      1.1,
      -0.435,
      0.19,
      -0.995,
      0.0
    ]
  ],
  "vote_matrix_ordered": [
    [
      0.0,
      0.75,
      0.75,
      1.0,
      0.5,
      0.75,
      0.75,
      0.75,
      0.5,
      0.0,
      0.0,
      0.0,
      0.0,
      0.0,
      0.0
    ],
    [
      0.75,
      0.0,
      0.8,
      0.8,
      0.4,
      0.8,
      0.75,
      0.8,
      0.4,
      0.0,
      0.0,
      0.0,
      0.0,
      0.0,
      0.0
    ],
    [
      0.75,
      0.8,
      0.0,
      0.8,
      0.4,
      0.8,
      0.75,
      0.8,
      0.4,
      0.0,
      0.0,
      0.0,
      0.0,
      0.0,
      0.0
    ],
    [
      1.0,
      0.8,
      0.8,
      0.0,
      0.4,
      0.8,
      0.75,
      0.8,
      0.4,
      0.0,
      0.0,
      0.0,
      0.0,
      0.0,
      0.0
    ],
    [
      0.5,
      0.4,
      0.4,
      0.4,
      0.0,
      0.6,
      0.75,
      0.6,
      0.6,
      0.0,
      0.5,
      0.0,
      0.0,
      0.25,
      0.2
    ],
    [
      0.75,
      0.8,
      0.8,
      0.8,
      0.6,
      0.0,
      1.0,
      1.0,
      0.6,
      0.0,
      0.5,
      0.0,
      0.0,
      0.25,
      0.2
    ],
    [
      0.75,
      0.75,
      0.75,
      0.75,
      0.75,
      1.0,
      0.0,
      1.0,
      0.75,
      0.0,
      0.5,
      0.0,
      0.0,
      0.3333,
      0.25
    ],
    [
      0.75,
      0.8,
      0.8,
      0.8,
      0.6,
      1.0,
      1.0,
      0.0,
      0.6,
      0.0,
      0.5,
      0.0,
      0.0,
      0.25,
      0.2
    ],
    [
      0.5,
      0.4,
      0.4,
      0.4,
      0.6,
      0.6,
      0.75,
      0.6,
      0.0,
      0.2,
      1.0,
      0.4,
      0.3333,
      0.5,
      0.4
    ],
    [
      0.0,
      0.0,
      0.0,
      0.0,
      0.0,
      0.0,
      0.0,
      0.0,
      0.2,
      0.0,
      0.5,
      0.6,
      0.6667,
      0.5,
      0.4
    ],
    [
      0.0,
      0.0,
      0.0,
      0.0,
      0.5,
      0.5,
      0.5,
      0.5,
      1.0,
      0.5,
      0.0,
      0.5,
      1.0,
      1.0,
      1.0
    ],
    [
      0.0,
      0.0,
      0.0,
      0.0,
      0.0,
      0.0,
      0.0,
      0.0,
      0.4,
      0.6,
      0.5,
      0.0,
      0.6667,
      0.75,
      0.4
    ],
    [
      0.0,
      0.0,
      0.0,
      0.0,
      0.0,
      0.0,
      0.0,
      0.0,
      0.3333,
      0.6667,
      1.0,
      0.6667,
      0.0,
      0.5,
      0.6667
    ],
    [
      0.0,
      0.0,
      0.0,
      0.0,
      0.25,
      0.25,
      0.3333,
      0.25,
      0.5,
      0.5,
      1.0,
      0.75,
      0.5,
      0.0,
      0.5
    ],
    [
      0.0,
      0.0,
      0.0,
      0.0,
      0.2,
      0.2,
      0.25,
      0.2,
      0.4,
      0.4,
      1.0,
      0.4,
      0.6667,
      0.5,
      0.0
    ]
  ]
}