{
  "_metadata": {
    "generated_at": "2026-02-23T17:49:39.350155+00:00",
    "date": "2026-02-22",
    "week": 6,
    "reference_date": "2026-02-22",
    "n_active": 15,
    "n_clusters": 2,
    "n_paredoes": 5,
    "n_contradictions": 29,
    "n_tensions": 1,
    "silhouette_coefficient": 0.4374,
    "resolution_used": 0.5,
    "best_cohesion": {
      "label": 2,
      "name": "Grupo Misto A",
      "score": 0.7963
    },
    "worst_rivalry": {
      "key": "1<>2",
      "score": -2.3532,
      "text": "Grupo Misto vs Grupo Misto A"
    }
  },
  "active_names": [
    "Alberto Cowboy",
    "Ana Paula Renault",
    "Babu Santana",
    "Breno",
    "Chaiany",
    "Gabriela",
    "Jonas Sulzbach",
    "Jordana",
    "Juliano Floss",
    "Leandro",
    "Marciele",
    "Maxiane",
    "Milena",
    "Samira",
    "Solange Couto"
  ],
  "cluster_order": [
    "Babu Santana",
    "Chaiany",
    "Leandro",
    "Juliano Floss",
    "Solange Couto",
    "Milena",
    "Ana Paula Renault",
    "Breno",
    "Samira",
    "Jonas Sulzbach",
    "Jordana",
    "Marciele",
    "Alberto Cowboy",
    "Maxiane",
    "Gabriela"
  ],
  "communities": [
    {
      "label": 1,
      "name": "Grupo Misto",
      "color": "#e74c3c",
      "members": [
        "Ana Paula Renault",
        "Babu Santana",
        "Breno",
        "Chaiany",
        "Juliano Floss",
        "Leandro",
        "Milena",
        "Samira",
        "Solange Couto"
      ],
      "group_composition": {
        "Pipoca": 5,
        "Veterano": 2,
        "Camarote": 2
      },
      "cohesion": 0.5974,
      "best_external": {
        "label": 2,
        "name": "Grupo Misto A",
        "score": -2.3532
      },
      "worst_external": {
        "label": 2,
        "name": "Grupo Misto A",
        "score": -2.3532
      }
    },
    {
      "label": 2,
      "name": "Grupo Misto A",
      "color": "#3498db",
      "members": [
        "Alberto Cowboy",
        "Gabriela",
        "Jonas Sulzbach",
        "Jordana",
        "Marciele",
        "Maxiane"
      ],
      "group_composition": {
        "Pipoca": 4,
        "Veterano": 2
      },
      "cohesion": 0.7963,
      "best_external": {
        "label": 1,
        "name": "Grupo Misto",
        "score": -2.3532
      },
      "worst_external": {
        "label": 1,
        "name": "Grupo Misto",
        "score": -2.3532
      }
    }
  ],
  "inter_cluster": [
    {
      "cluster_a": 1,
      "cluster_b": 2,
      "name_a": "Grupo Misto",
      "name_b": "Grupo Misto A",
      "score_sym": -2.3532,
      "score_a_to_b": -2.4925,
      "score_b_to_a": -2.2139,
      "vote_alignment": 0.1253
    }
  ],
  "polarization": [
    {
      "name": "Alberto Cowboy",
      "grupo": "Veterano",
      "cluster": 2,
      "avg_received": -2.5716,
      "std_received": 3.2581,
      "contradictions": 1,
      "pos_received": 4.35,
      "top_love": [
        {
          "name": "Jonas Sulzbach",
          "score": 1.65
        },
        {
          "name": "Jordana",
          "score": 1.0
        },
        {
          "name": "Marciele",
          "score": 1.0
        }
      ],
      "top_hate": [
        {
          "name": "Leandro",
          "score": -10.28
        },
        {
          "name": "Milena",
          "score": -6.46
        },
        {
          "name": "Ana Paula Renault",
          "score": -4.64
        }
      ]
    },
    {
      "name": "Ana Paula Renault",
      "grupo": "Veterano",
      "cluster": 1,
      "avg_received": -0.4763,
      "std_received": 1.9867,
      "contradictions": 0,
      "pos_received": 6.61,
      "top_love": [
        {
          "name": "Milena",
          "score": 1.5
        },
        {
          "name": "Samira",
          "score": 1.3
        },
        {
          "name": "Chaiany",
          "score": 0.86
        }
      ],
      "top_hate": [
        {
          "name": "Maxiane",
          "score": -6.48
        },
        {
          "name": "Alberto Cowboy",
          "score": -1.82
        },
        {
          "name": "Breno",
          "score": -1.48
        }
      ]
    },
    {
      "name": "Babu Santana",
      "grupo": "Veterano",
      "cluster": 1,
      "avg_received": -0.2595,
      "std_received": 2.0746,
      "contradictions": 0,
      "pos_received": 7.8275,
      "top_love": [
        {
          "name": "Juliano Floss",
          "score": 1.5
        },
        {
          "name": "Solange Couto",
          "score": 1.5
        },
        {
          "name": "Chaiany",
          "score": 1.0
        }
      ],
      "top_hate": [
        {
          "name": "Jonas Sulzbach",
          "score": -6.18
        },
        {
          "name": "Gabriela",
          "score": -3.68
        },
        {
          "name": "Jordana",
          "score": -0.8
        }
      ]
    },
    {
      "name": "Breno",
      "grupo": "Pipoca",
      "cluster": 1,
      "avg_received": 0.1441,
      "std_received": 1.0555,
      "contradictions": 1,
      "pos_received": 7.9875,
      "top_love": [
        {
          "name": "Gabriela",
          "score": 1.3
        },
        {
          "name": "Babu Santana",
          "score": 1.18
        },
        {
          "name": "Chaiany",
          "score": 1.0
        }
      ],
      "top_hate": [
        {
          "name": "Ana Paula Renault",
          "score": -1.64
        },
        {
          "name": "Milena",
          "score": -1.6
        },
        {
          "name": "Alberto Cowboy",
          "score": -1.31
        }
      ]
    },
    {
      "name": "Chaiany",
      "grupo": "Pipoca",
      "cluster": 1,
      "avg_received": -0.021,
      "std_received": 1.7574,
      "contradictions": 4,
      "pos_received": 10.15,
      "top_love": [
        {
          "name": "Gabriela",
          "score": 2.61
        },
        {
          "name": "Leandro",
          "score": 1.5
        },
        {
          "name": "Babu Santana",
          "score": 1.0
        }
      ],
      "top_hate": [
        {
          "name": "Alberto Cowboy",
          "score": -4.04
        },
        {
          "name": "Maxiane",
          "score": -2.49
        },
        {
          "name": "Jonas Sulzbach",
          "score": -1.88
        }
      ]
    },
    {
      "name": "Gabriela",
      "grupo": "Pipoca",
      "cluster": 2,
      "avg_received": -0.5875,
      "std_received": 1.5157,
      "contradictions": 7,
      "pos_received": 5.94,
      "top_love": [
        {
          "name": "Chaiany",
          "score": 2.46
        },
        {
          "name": "Jonas Sulzbach",
          "score": 1.2
        },
        {
          "name": "Alberto Cowboy",
          "score": 1.0
        }
      ],
      "top_hate": [
        {
          "name": "Solange Couto",
          "score": -2.77
        },
        {
          "name": "Maxiane",
          "score": -2.4
        },
        {
          "name": "Leandro",
          "score": -2.1
        }
      ]
    },
    {
      "name": "Jonas Sulzbach",
      "grupo": "Veterano",
      "cluster": 2,
      "avg_received": -1.5516,
      "std_received": 2.6389,
      "contradictions": 0,
      "pos_received": 5.11,
      "top_love": [
        {
          "name": "Alberto Cowboy",
          "score": 1.35
        },
        {
          "name": "Gabriela",
          "score": 1.0
        },
        {
          "name": "Jordana",
          "score": 1.0
        }
      ],
      "top_hate": [
        {
          "name": "Babu Santana",
          "score": -7.48
        },
        {
          "name": "Milena",
          "score": -4.66
        },
        {
          "name": "Juliano Floss",
          "score": -4.57
        }
      ]
    },
    {
      "name": "Jordana",
      "grupo": "Pipoca",
      "cluster": 2,
      "avg_received": -2.0136,
      "std_received": 2.4045,
      "contradictions": 2,
      "pos_received": 5.53,
      "top_love": [
        {
          "name": "Maxiane",
          "score": 1.38
        },
        {
          "name": "Gabriela",
          "score": 1.15
        },
        {
          "name": "Alberto Cowboy",
          "score": 1.0
        }
      ],
      "top_hate": [
        {
          "name": "Chaiany",
          "score": -5.25
        },
        {
          "name": "Ana Paula Renault",
          "score": -4.76
        },
        {
          "name": "Milena",
          "score": -4.0
        }
      ]
    },
    {
      "name": "Juliano Floss",
      "grupo": "Camarote",
      "cluster": 1,
      "avg_received": -1.2507,
      "std_received": 2.3568,
      "contradictions": 2,
      "pos_received": 5.67,
      "top_love": [
        {
          "name": "Babu Santana",
          "score": 1.2
        },
        {
          "name": "Breno",
          "score": 1.0
        },
        {
          "name": "Chaiany",
          "score": 1.0
        }
      ],
      "top_hate": [
        {
          "name": "Marciele",
          "score": -6.46
        },
        {
          "name": "Alberto Cowboy",
          "score": -4.35
        },
        {
          "name": "Maxiane",
          "score": -3.3
        }
      ]
    },
    {
      "name": "Leandro",
      "grupo": "Pipoca",
      "cluster": 1,
      "avg_received": -1.3259,
      "std_received": 2.9294,
      "contradictions": 1,
      "pos_received": 6.04,
      "top_love": [
        {
          "name": "Babu Santana",
          "score": 1.0
        },
        {
          "name": "Breno",
          "score": 1.0
        },
        {
          "name": "Chaiany",
          "score": 1.0
        }
      ],
      "top_hate": [
        {
          "name": "Alberto Cowboy",
          "score": -9.72
        },
        {
          "name": "Gabriela",
          "score": -3.75
        },
        {
          "name": "Jordana",
          "score": -3.48
        }
      ]
    },
    {
      "name": "Marciele",
      "grupo": "Pipoca",
      "cluster": 2,
      "avg_received": -0.2029,
      "std_received": 1.1147,
      "contradictions": 1,
      "pos_received": 5.78,
      "top_love": [
        {
          "name": "Jordana",
          "score": 1.5
        },
        {
          "name": "Maxiane",
          "score": 1.5
        },
        {
          "name": "Alberto Cowboy",
          "score": 1.2
        }
      ],
      "top_hate": [
        {
          "name": "Ana Paula Renault",
          "score": -1.81
        },
        {
          "name": "Milena",
          "score": -1.46
        },
        {
          "name": "Juliano Floss",
          "score": -1.26
        }
      ]
    },
    {
      "name": "Maxiane",
      "grupo": "Pipoca",
      "cluster": 2,
      "avg_received": -0.9804,
      "std_received": 2.0925,
      "contradictions": 2,
      "pos_received": 4.63,
      "top_love": [
        {
          "name": "Marciele",
          "score": 1.5
        },
        {
          "name": "Jordana",
          "score": 1.36
        },
        {
          "name": "Jonas Sulzbach",
          "score": 0.87
        }
      ],
      "top_hate": [
        {
          "name": "Chaiany",
          "score": -6.16
        },
        {
          "name": "Ana Paula Renault",
          "score": -4.75
        },
        {
          "name": "Milena",
          "score": -1.78
        }
      ]
    },
    {
      "name": "Milena",
      "grupo": "Pipoca",
      "cluster": 1,
      "avg_received": -1.0981,
      "std_received": 2.8151,
      "contradictions": 1,
      "pos_received": 8.064,
      "top_love": [
        {
          "name": "Babu Santana",
          "score": 2.02
        },
        {
          "name": "Juliano Floss",
          "score": 1.82
        },
        {
          "name": "Ana Paula Renault",
          "score": 1.5
        }
      ],
      "top_hate": [
        {
          "name": "Alberto Cowboy",
          "score": -7.9
        },
        {
          "name": "Jonas Sulzbach",
          "score": -6.05
        },
        {
          "name": "Maxiane",
          "score": -2.58
        }
      ]
    },
    {
      "name": "Samira",
      "grupo": "Pipoca",
      "cluster": 1,
      "avg_received": -0.8814,
      "std_received": 1.5566,
      "contradictions": 3,
      "pos_received": 3.59,
      "top_love": [
        {
          "name": "Babu Santana",
          "score": 1.0
        },
        {
          "name": "Breno",
          "score": 1.0
        },
        {
          "name": "Chaiany",
          "score": 1.0
        }
      ],
      "top_hate": [
        {
          "name": "Jordana",
          "score": -3.56
        },
        {
          "name": "Maxiane",
          "score": -3.07
        },
        {
          "name": "Marciele",
          "score": -2.86
        }
      ]
    },
    {
      "name": "Solange Couto",
      "grupo": "Camarote",
      "cluster": 1,
      "avg_received": -0.2982,
      "std_received": 1.5733,
      "contradictions": 5,
      "pos_received": 7.33,
      "top_love": [
        {
          "name": "Babu Santana",
          "score": 1.7
        },
        {
          "name": "Breno",
          "score": 1.0
        },
        {
          "name": "Chaiany",
          "score": 1.0
        }
      ],
      "top_hate": [
        {
          "name": "Maxiane",
          "score": -3.04
        },
        {
          "name": "Marciele",
          "score": -2.5
        },
        {
          "name": "Jordana",
          "score": -2.48
        }
      ]
    }
  ],
  "score_matrix_ordered": [
    [
      0.0,
      1.0,
      1.0,
      1.35,
      1.6,
      1.268,
      0.6018,
      1.0137,
      0.925,
      -6.8285,
      -2.155,
      -0.72,
      -2.1025,
      -0.575,
      -2.645
    ],
    [
      1.0,
      0.0,
      1.25,
      1.0,
      1.0,
      0.688,
      0.688,
      1.0,
      1.0,
      -1.16,
      -3.395,
      -0.7238,
      -2.1775,
      -4.3255,
      2.535
    ],
    [
      1.0,
      1.25,
      0.0,
      1.0,
      1.0,
      0.688,
      0.688,
      1.0,
      -0.995,
      -3.64,
      -3.5375,
      -1.72,
      -9.998,
      -0.7913,
      -2.9225
    ],
    [
      1.35,
      1.0,
      1.0,
      0.0,
      0.715,
      1.168,
      0.688,
      1.0,
      -1.688,
      -3.543,
      -2.6325,
      -3.8625,
      -4.2012,
      -2.03,
      -1.135
    ],
    [
      1.6,
      1.0,
      1.0,
      0.715,
      0.0,
      -0.72,
      -0.005,
      0.97,
      -0.2575,
      0.01,
      -2.7275,
      -1.4625,
      -2.185,
      -2.15,
      -2.3625
    ],
    [
      1.268,
      0.688,
      0.688,
      1.168,
      -0.72,
      0.0,
      1.5,
      -1.39,
      0.53,
      -5.3525,
      -2.92,
      -1.46,
      -7.18,
      -2.18,
      -0.9495
    ],
    [
      0.6018,
      0.688,
      0.688,
      0.688,
      -0.005,
      1.5,
      0.0,
      -1.56,
      0.82,
      -1.9445,
      -2.9875,
      -1.395,
      -3.232,
      -5.613,
      -0.712
    ],
    [
      1.0137,
      1.0,
      1.0,
      1.0,
      0.97,
      -1.39,
      -1.56,
      0.0,
      0.97,
      -0.855,
      -1.8425,
      -0.205,
      -2.6375,
      0.08,
      0.5425
    ],
    [
      0.925,
      1.0,
      -0.995,
      -1.688,
      -0.2575,
      0.53,
      0.82,
      0.97,
      0.0,
      -0.645,
      -3.555,
      -1.845,
      -2.69,
      -1.95,
      -0.38
    ],
    [
      -6.8285,
      -1.16,
      -3.64,
      -3.543,
      0.01,
      -5.3525,
      -1.9445,
      -0.855,
      -0.645,
      0.0,
      1.0,
      1.075,
      1.5,
      0.815,
      1.1
    ],
    [
      -2.155,
      -3.395,
      -3.5375,
      -2.6325,
      -2.7275,
      -2.92,
      -2.9875,
      -1.8425,
      -3.555,
      1.0,
      0.0,
      1.25,
      1.0,
      1.37,
      0.79
    ],
    [
      -0.72,
      -0.7238,
      -1.72,
      -3.8625,
      -1.4625,
      -1.46,
      -1.395,
      -0.205,
      -1.845,
      1.075,
      1.25,
      0.0,
      1.1,
      1.5,
      -0.39
    ],
    [
      -2.1025,
      -2.1775,
      -9.998,
      -4.2012,
      -2.185,
      -7.18,
      -3.232,
      -2.6375,
      -2.69,
      1.5,
      1.0,
      1.1,
      0.0,
      0.55,
      0.235
    ],
    [
      -0.575,
      -4.3255,
      -0.7913,
      -2.03,
      -2.15,
      -2.18,
      -5.613,
      0.08,
      -1.95,
      0.815,
      1.37,
      1.5,
      0.55,
      0.0,
      -0.95
    ],
    [
      -2.645,
      2.535,
      -2.9225,
      -1.135,
      -2.3625,
      -0.9495,
      -0.712,
      0.5425,
      -0.38,
      1.1,
      0.79,
      -0.39,
      0.235,
      -0.95,
      0.0
    ]
  ],
  "vote_matrix_ordered": [
    [
      0.0,
      0.75,
      0.75,
      1.0,
      0.5,
      0.75,
      0.75,
      0.75,
      0.5,
      0.0,
      0.0,
      0.0,
      0.0,
      0.0,
      0.0
    ],
    [
      0.75,
      0.0,
      0.8,
      0.8,
      0.4,
      0.8,
      0.75,
      0.8,
      0.4,
      0.0,
      0.0,
      0.0,
      0.0,
      0.0,
      0.0
    ],
    [
      0.75,
      0.8,
      0.0,
      0.8,
      0.4,
      0.8,
      0.75,
      0.8,
      0.4,
      0.0,
      0.0,
      0.0,
      0.0,
      0.0,
      0.0
    ],
    [
      1.0,
      0.8,
      0.8,
      0.0,
      0.4,
      0.8,
      0.75,
      0.8,
      0.4,
      0.0,
      0.0,
      0.0,
      0.0,
      0.0,
      0.0
    ],
    [
      0.5,
      0.4,
      0.4,
      0.4,
      0.0,
      0.6,
      0.75,
      0.6,
      0.6,
      0.5,
      0.0,
      0.0,
      0.0,
      0.25,
      0.2
    ],
    [
      0.75,
      0.8,
      0.8,
      0.8,
      0.6,
      0.0,
      1.0,
      1.0,
      0.6,
      0.5,
      0.0,
      0.0,
      0.0,
      0.25,
      0.2
    ],
    [
      0.75,
      0.75,
      0.75,
      0.75,
      0.75,
      1.0,
      0.0,
      1.0,
      0.75,
      0.5,
      0.0,
      0.0,
      0.0,
      0.3333,
      0.25
    ],
    [
      0.75,
      0.8,
      0.8,
      0.8,
      0.6,
      1.0,
      1.0,
      0.0,
      0.6,
      0.5,
      0.0,
      0.0,
      0.0,
      0.25,
      0.2
    ],
    [
      0.5,
      0.4,
      0.4,
      0.4,
      0.6,
      0.6,
      0.75,
      0.6,
      0.0,
      1.0,
      0.2,
      0.4,
      0.3333,
      0.5,
      0.4
    ],
    [
      0.0,
      0.0,
      0.0,
      0.0,
      0.5,
      0.5,
      0.5,
      0.5,
      1.0,
      0.0,
      0.5,
      0.5,
      1.0,
      1.0,
      1.0
    ],
    [
      0.0,
      0.0,
      0.0,
      0.0,
      0.0,
      0.0,
      0.0,
      0.0,
      0.2,
      0.5,
      0.0,
      0.6,
      0.6667,
      0.5,
      0.4
    ],
    [
      0.0,
      0.0,
      0.0,
      0.0,
      0.0,
      0.0,
      0.0,
      0.0,
      0.4,
      0.5,
      0.6,
      0.0,
      0.6667,
      0.75,
      0.4
    ],
    [
      0.0,
      0.0,
      0.0,
      0.0,
      0.0,
      0.0,
      0.0,
      0.0,
      0.3333,
      1.0,
      0.6667,
      0.6667,
      0.0,
      0.5,
      0.6667
    ],
    [
      0.0,
      0.0,
      0.0,
      0.0,
      0.25,
      0.25,
      0.3333,
      0.25,
      0.5,
      1.0,
      0.5,
      0.75,
      0.5,
      0.0,
      0.5
    ],
    [
      0.0,
      0.0,
      0.0,
      0.0,
      0.2,
      0.2,
      0.25,
      0.2,
      0.4,
      1.0,
      0.4,
      0.4,
      0.6667,
      0.5,
      0.0
    ]
  ]
}