{
  "_metadata": {
    "generated_at": "2026-02-25T00:26:50.497285+00:00",
    "date": "2026-02-24",
    "week": 7,
    "reference_date": "2026-02-24",
    "n_active": 15,
    "n_clusters": 2,
    "n_paredoes": 5,
    "n_contradictions": 27,
    "n_tensions": 1,
    "silhouette_coefficient": 0.4008,
    "resolution_used": 0.5,
    "best_cohesion": {
      "label": 2,
      "name": "Grupo Misto A",
      "score": 1.116
    },
    "worst_rivalry": {
      "key": "1<>2",
      "score": -2.4095,
      "text": "Grupo Misto vs Grupo Misto A"
    }
  },
  "active_names": [
    "Alberto Cowboy",
    "Ana Paula Renault",
    "Babu Santana",
    "Breno",
    "Chaiany",
    "Gabriela",
    "Jonas Sulzbach",
    "Jordana",
    "Juliano Floss",
    "Leandro",
    "Marciele",
    "Maxiane",
    "Milena",
    "Samira",
    "Solange Couto"
  ],
  "cluster_order": [
    "Chaiany",
    "Babu Santana",
    "Breno",
    "Juliano Floss",
    "Leandro",
    "Milena",
    "Ana Paula Renault",
    "Solange Couto",
    "Samira",
    "Gabriela",
    "Marciele",
    "Jordana",
    "Jonas Sulzbach",
    "Maxiane",
    "Alberto Cowboy"
  ],
  "communities": [
    {
      "label": 1,
      "name": "Grupo Misto",
      "color": "#e74c3c",
      "members": [
        "Ana Paula Renault",
        "Babu Santana",
        "Breno",
        "Chaiany",
        "Gabriela",
        "Juliano Floss",
        "Leandro",
        "Milena",
        "Samira",
        "Solange Couto"
      ],
      "group_composition": {
        "Pipoca": 6,
        "Veterano": 2,
        "Camarote": 2
      },
      "cohesion": 0.2048,
      "best_external": {
        "label": 2,
        "name": "Grupo Misto A",
        "score": -2.4095
      },
      "worst_external": {
        "label": 2,
        "name": "Grupo Misto A",
        "score": -2.4095
      }
    },
    {
      "label": 2,
      "name": "Grupo Misto A",
      "color": "#3498db",
      "members": [
        "Alberto Cowboy",
        "Jonas Sulzbach",
        "Jordana",
        "Marciele",
        "Maxiane"
      ],
      "group_composition": {
        "Pipoca": 3,
        "Veterano": 2
      },
      "cohesion": 1.116,
      "best_external": {
        "label": 1,
        "name": "Grupo Misto",
        "score": -2.4095
      },
      "worst_external": {
        "label": 1,
        "name": "Grupo Misto",
        "score": -2.4095
      }
    }
  ],
  "inter_cluster": [
    {
      "cluster_a": 1,
      "cluster_b": 2,
      "name_a": "Grupo Misto",
      "name_b": "Grupo Misto A",
      "score_sym": -2.4095,
      "score_a_to_b": -2.4433,
      "score_b_to_a": -2.3757,
      "vote_alignment": 0.1697
    }
  ],
  "polarization": [
    {
      "name": "Alberto Cowboy",
      "grupo": "Veterano",
      "cluster": 2,
      "avg_received": -2.4962,
      "std_received": 3.2692,
      "contradictions": 1,
      "pos_received": 4.35,
      "top_love": [
        {
          "name": "Jonas Sulzbach",
          "score": 1.65
        },
        {
          "name": "Jordana",
          "score": 1.0
        },
        {
          "name": "Marciele",
          "score": 1.0
        }
      ],
      "top_hate": [
        {
          "name": "Leandro",
          "score": -10.28
        },
        {
          "name": "Milena",
          "score": -6.46
        },
        {
          "name": "Ana Paula Renault",
          "score": -4.64
        }
      ]
    },
    {
      "name": "Ana Paula Renault",
      "grupo": "Veterano",
      "cluster": 1,
      "avg_received": -0.6513,
      "std_received": 1.9603,
      "contradictions": 0,
      "pos_received": 5.504,
      "top_love": [
        {
          "name": "Milena",
          "score": 1.5
        },
        {
          "name": "Samira",
          "score": 1.3
        },
        {
          "name": "Chaiany",
          "score": 0.86
        }
      ],
      "top_hate": [
        {
          "name": "Maxiane",
          "score": -6.48
        },
        {
          "name": "Alberto Cowboy",
          "score": -1.82
        },
        {
          "name": "Jordana",
          "score": -1.59
        }
      ]
    },
    {
      "name": "Babu Santana",
      "grupo": "Veterano",
      "cluster": 1,
      "avg_received": -0.4285,
      "std_received": 2.0508,
      "contradictions": 0,
      "pos_received": 6.37,
      "top_love": [
        {
          "name": "Juliano Floss",
          "score": 1.5
        },
        {
          "name": "Solange Couto",
          "score": 1.5
        },
        {
          "name": "Chaiany",
          "score": 1.0
        }
      ],
      "top_hate": [
        {
          "name": "Jonas Sulzbach",
          "score": -6.21
        },
        {
          "name": "Gabriela",
          "score": -3.68
        },
        {
          "name": "Jordana",
          "score": -1.17
        }
      ]
    },
    {
      "name": "Breno",
      "grupo": "Pipoca",
      "cluster": 1,
      "avg_received": 0.0491,
      "std_received": 1.096,
      "contradictions": 1,
      "pos_received": 7.4775,
      "top_love": [
        {
          "name": "Gabriela",
          "score": 1.3
        },
        {
          "name": "Babu Santana",
          "score": 1.18
        },
        {
          "name": "Chaiany",
          "score": 1.0
        }
      ],
      "top_hate": [
        {
          "name": "Alberto Cowboy",
          "score": -1.69
        },
        {
          "name": "Milena",
          "score": -1.66
        },
        {
          "name": "Ana Paula Renault",
          "score": -1.38
        }
      ]
    },
    {
      "name": "Chaiany",
      "grupo": "Pipoca",
      "cluster": 1,
      "avg_received": -0.1581,
      "std_received": 1.8152,
      "contradictions": 4,
      "pos_received": 9.11,
      "top_love": [
        {
          "name": "Gabriela",
          "score": 2.61
        },
        {
          "name": "Leandro",
          "score": 1.5
        },
        {
          "name": "Babu Santana",
          "score": 1.0
        }
      ],
      "top_hate": [
        {
          "name": "Alberto Cowboy",
          "score": -4.3
        },
        {
          "name": "Maxiane",
          "score": -2.87
        },
        {
          "name": "Jonas Sulzbach",
          "score": -1.66
        }
      ]
    },
    {
      "name": "Gabriela",
      "grupo": "Pipoca",
      "cluster": 1,
      "avg_received": -0.6882,
      "std_received": 1.5889,
      "contradictions": 6,
      "pos_received": 5.79,
      "top_love": [
        {
          "name": "Chaiany",
          "score": 2.46
        },
        {
          "name": "Jonas Sulzbach",
          "score": 1.2
        },
        {
          "name": "Juliano Floss",
          "score": 0.91
        }
      ],
      "top_hate": [
        {
          "name": "Solange Couto",
          "score": -3.04
        },
        {
          "name": "Babu Santana",
          "score": -2.56
        },
        {
          "name": "Maxiane",
          "score": -2.4
        }
      ]
    },
    {
      "name": "Jonas Sulzbach",
      "grupo": "Veterano",
      "cluster": 2,
      "avg_received": -1.4334,
      "std_received": 2.6732,
      "contradictions": 0,
      "pos_received": 5.6,
      "top_love": [
        {
          "name": "Alberto Cowboy",
          "score": 1.35
        },
        {
          "name": "Gabriela",
          "score": 1.0
        },
        {
          "name": "Jordana",
          "score": 1.0
        }
      ],
      "top_hate": [
        {
          "name": "Babu Santana",
          "score": -7.48
        },
        {
          "name": "Milena",
          "score": -4.66
        },
        {
          "name": "Juliano Floss",
          "score": -4.34
        }
      ]
    },
    {
      "name": "Jordana",
      "grupo": "Pipoca",
      "cluster": 2,
      "avg_received": -2.0421,
      "std_received": 2.3483,
      "contradictions": 2,
      "pos_received": 4.96,
      "top_love": [
        {
          "name": "Maxiane",
          "score": 1.38
        },
        {
          "name": "Alberto Cowboy",
          "score": 1.0
        },
        {
          "name": "Jonas Sulzbach",
          "score": 1.0
        }
      ],
      "top_hate": [
        {
          "name": "Chaiany",
          "score": -5.08
        },
        {
          "name": "Ana Paula Renault",
          "score": -4.76
        },
        {
          "name": "Babu Santana",
          "score": -3.89
        }
      ]
    },
    {
      "name": "Juliano Floss",
      "grupo": "Camarote",
      "cluster": 1,
      "avg_received": -1.3196,
      "std_received": 2.3429,
      "contradictions": 2,
      "pos_received": 5.24,
      "top_love": [
        {
          "name": "Babu Santana",
          "score": 1.2
        },
        {
          "name": "Breno",
          "score": 1.0
        },
        {
          "name": "Chaiany",
          "score": 1.0
        }
      ],
      "top_hate": [
        {
          "name": "Marciele",
          "score": -6.46
        },
        {
          "name": "Alberto Cowboy",
          "score": -4.41
        },
        {
          "name": "Maxiane",
          "score": -3.21
        }
      ]
    },
    {
      "name": "Leandro",
      "grupo": "Pipoca",
      "cluster": 1,
      "avg_received": -1.4288,
      "std_received": 2.9681,
      "contradictions": 0,
      "pos_received": 6.04,
      "top_love": [
        {
          "name": "Babu Santana",
          "score": 1.0
        },
        {
          "name": "Breno",
          "score": 1.0
        },
        {
          "name": "Chaiany",
          "score": 1.0
        }
      ],
      "top_hate": [
        {
          "name": "Alberto Cowboy",
          "score": -9.72
        },
        {
          "name": "Jordana",
          "score": -3.85
        },
        {
          "name": "Gabriela",
          "score": -3.77
        }
      ]
    },
    {
      "name": "Marciele",
      "grupo": "Pipoca",
      "cluster": 2,
      "avg_received": -0.2036,
      "std_received": 1.1196,
      "contradictions": 1,
      "pos_received": 5.75,
      "top_love": [
        {
          "name": "Jordana",
          "score": 1.5
        },
        {
          "name": "Maxiane",
          "score": 1.5
        },
        {
          "name": "Alberto Cowboy",
          "score": 1.2
        }
      ],
      "top_hate": [
        {
          "name": "Ana Paula Renault",
          "score": -1.87
        },
        {
          "name": "Milena",
          "score": -1.49
        },
        {
          "name": "Juliano Floss",
          "score": -1.29
        }
      ]
    },
    {
      "name": "Maxiane",
      "grupo": "Pipoca",
      "cluster": 2,
      "avg_received": -0.9565,
      "std_received": 2.0962,
      "contradictions": 2,
      "pos_received": 4.63,
      "top_love": [
        {
          "name": "Marciele",
          "score": 1.5
        },
        {
          "name": "Jordana",
          "score": 1.36
        },
        {
          "name": "Jonas Sulzbach",
          "score": 0.87
        }
      ],
      "top_hate": [
        {
          "name": "Chaiany",
          "score": -6.16
        },
        {
          "name": "Ana Paula Renault",
          "score": -4.81
        },
        {
          "name": "Milena",
          "score": -1.75
        }
      ]
    },
    {
      "name": "Milena",
      "grupo": "Pipoca",
      "cluster": 1,
      "avg_received": -1.1177,
      "std_received": 2.7879,
      "contradictions": 1,
      "pos_received": 7.494,
      "top_love": [
        {
          "name": "Babu Santana",
          "score": 2.02
        },
        {
          "name": "Juliano Floss",
          "score": 1.82
        },
        {
          "name": "Ana Paula Renault",
          "score": 1.5
        }
      ],
      "top_hate": [
        {
          "name": "Alberto Cowboy",
          "score": -7.9
        },
        {
          "name": "Jonas Sulzbach",
          "score": -6.04
        },
        {
          "name": "Maxiane",
          "score": -2.58
        }
      ]
    },
    {
      "name": "Samira",
      "grupo": "Pipoca",
      "cluster": 1,
      "avg_received": -0.8857,
      "std_received": 1.5828,
      "contradictions": 2,
      "pos_received": 3.08,
      "top_love": [
        {
          "name": "Breno",
          "score": 1.0
        },
        {
          "name": "Chaiany",
          "score": 1.0
        },
        {
          "name": "Babu Santana",
          "score": 0.43
        }
      ],
      "top_hate": [
        {
          "name": "Jordana",
          "score": -3.93
        },
        {
          "name": "Maxiane",
          "score": -3.13
        },
        {
          "name": "Marciele",
          "score": -2.86
        }
      ]
    },
    {
      "name": "Solange Couto",
      "grupo": "Camarote",
      "cluster": 1,
      "avg_received": -0.5396,
      "std_received": 1.7379,
      "contradictions": 4,
      "pos_received": 6.78,
      "top_love": [
        {
          "name": "Babu Santana",
          "score": 1.7
        },
        {
          "name": "Breno",
          "score": 1.0
        },
        {
          "name": "Chaiany",
          "score": 1.0
        }
      ],
      "top_hate": [
        {
          "name": "Maxiane",
          "score": -3.02
        },
        {
          "name": "Gabriela",
          "score": -2.92
        },
        {
          "name": "Jordana",
          "score": -2.85
        }
      ]
    }
  ],
  "score_matrix_ordered": [
    [
      0.0,
      1.0,
      1.0,
      1.0,
      1.25,
      0.093,
      0.378,
      1.0,
      1.0,
      2.535,
      -0.8562,
      -3.31,
      -0.935,
      -4.513,
      -2.1775
    ],
    [
      1.0,
      0.0,
      1.0137,
      1.35,
      1.0,
      0.983,
      0.0068,
      1.6,
      0.475,
      -3.1175,
      -0.59,
      -2.53,
      -6.8435,
      -0.65,
      -2.1175
    ],
    [
      1.0,
      1.0137,
      0.0,
      1.0,
      1.0,
      -1.42,
      -1.4275,
      1.0,
      1.0,
      1.045,
      -0.235,
      -2.06,
      -0.9,
      -0.3575,
      -2.855
    ],
    [
      1.0,
      1.35,
      1.0,
      0.0,
      1.0,
      1.168,
      0.688,
      0.3925,
      -1.688,
      -1.075,
      -3.8775,
      -2.735,
      -3.443,
      -2.0025,
      -4.2312
    ],
    [
      1.25,
      1.0,
      1.0,
      1.0,
      0.0,
      0.688,
      0.688,
      1.0,
      -1.4975,
      -2.9375,
      -1.75,
      -3.725,
      -3.655,
      -0.8362,
      -9.998
    ],
    [
      0.093,
      0.983,
      -1.42,
      1.168,
      0.688,
      0.0,
      1.5,
      -0.72,
      0.53,
      -1.137,
      -1.3325,
      -2.7875,
      -5.3475,
      -2.1675,
      -7.18
    ],
    [
      0.378,
      0.0068,
      -1.4275,
      0.688,
      0.688,
      1.5,
      0.0,
      -0.7775,
      0.82,
      -0.8495,
      -1.425,
      -3.175,
      -1.9395,
      -5.643,
      -3.232
    ],
    [
      1.0,
      1.6,
      1.0,
      0.3925,
      1.0,
      -0.72,
      -0.7775,
      0.0,
      -0.04,
      -2.9825,
      -1.4775,
      -2.7825,
      0.7,
      -2.0075,
      -2.0125
    ],
    [
      1.0,
      0.475,
      1.0,
      -1.688,
      -1.4975,
      0.53,
      0.82,
      -0.04,
      0.0,
      -0.32,
      -1.86,
      -3.875,
      -0.69,
      -1.995,
      -2.75
    ],
    [
      2.535,
      -3.1175,
      1.045,
      -1.075,
      -2.9375,
      -1.137,
      -0.8495,
      -2.9825,
      -0.32,
      0.0,
      -0.39,
      0.1825,
      1.1,
      -0.95,
      -0.255
    ],
    [
      -0.8562,
      -0.59,
      -0.235,
      -3.8775,
      -1.75,
      -1.3325,
      -1.425,
      -1.4775,
      -1.86,
      -0.39,
      0.0,
      1.25,
      1.075,
      1.5,
      1.1
    ],
    [
      -3.31,
      -2.53,
      -2.06,
      -2.735,
      -3.725,
      -2.7875,
      -3.175,
      -2.7825,
      -3.875,
      0.1825,
      1.25,
      0.0,
      1.0,
      1.37,
      1.0
    ],
    [
      -0.935,
      -6.8435,
      -0.9,
      -3.443,
      -3.655,
      -5.3475,
      -1.9395,
      0.7,
      -0.69,
      1.1,
      1.075,
      1.0,
      0.0,
      0.815,
      1.5
    ],
    [
      -4.513,
      -0.65,
      -0.3575,
      -2.0025,
      -0.8362,
      -2.1675,
      -5.643,
      -2.0075,
      -1.995,
      -0.95,
      1.5,
      1.37,
      0.815,
      0.0,
      0.55
    ],
    [
      -2.1775,
      -2.1175,
      -2.855,
      -4.2312,
      -9.998,
      -7.18,
      -3.232,
      -2.0125,
      -2.75,
      -0.255,
      1.1,
      1.0,
      1.5,
      0.55,
      0.0
    ]
  ],
  "vote_matrix_ordered": [
    [
      0.0,
      0.75,
      0.8,
      0.8,
      0.8,
      0.8,
      0.75,
      0.4,
      0.4,
      0.0,
      0.0,
      0.0,
      0.0,
      0.0,
      0.0
    ],
    [
      0.75,
      0.0,
      0.75,
      1.0,
      0.75,
      0.75,
      0.75,
      0.5,
      0.5,
      0.0,
      0.0,
      0.0,
      0.0,
      0.0,
      0.0
    ],
    [
      0.8,
      0.75,
      0.0,
      0.8,
      0.8,
      1.0,
      1.0,
      0.6,
      0.6,
      0.2,
      0.0,
      0.0,
      0.5,
      0.25,
      0.0
    ],
    [
      0.8,
      1.0,
      0.8,
      0.0,
      0.8,
      0.8,
      0.75,
      0.4,
      0.4,
      0.0,
      0.0,
      0.0,
      0.0,
      0.0,
      0.0
    ],
    [
      0.8,
      0.75,
      0.8,
      0.8,
      0.0,
      0.8,
      0.75,
      0.4,
      0.4,
      0.0,
      0.0,
      0.0,
      0.0,
      0.0,
      0.0
    ],
    [
      0.8,
      0.75,
      1.0,
      0.8,
      0.8,
      0.0,
      1.0,
      0.6,
      0.6,
      0.2,
      0.0,
      0.0,
      0.5,
      0.25,
      0.0
    ],
    [
      0.75,
      0.75,
      1.0,
      0.75,
      0.75,
      1.0,
      0.0,
      0.75,
      0.75,
      0.25,
      0.0,
      0.0,
      0.5,
      0.3333,
      0.0
    ],
    [
      0.4,
      0.5,
      0.6,
      0.4,
      0.4,
      0.6,
      0.75,
      0.0,
      0.6,
      0.2,
      0.0,
      0.0,
      0.5,
      0.25,
      0.0
    ],
    [
      0.4,
      0.5,
      0.6,
      0.4,
      0.4,
      0.6,
      0.75,
      0.6,
      0.0,
      0.4,
      0.4,
      0.2,
      1.0,
      0.5,
      0.3333
    ],
    [
      0.0,
      0.0,
      0.2,
      0.0,
      0.0,
      0.2,
      0.25,
      0.2,
      0.4,
      0.0,
      0.4,
      0.4,
      1.0,
      0.5,
      0.6667
    ],
    [
      0.0,
      0.0,
      0.0,
      0.0,
      0.0,
      0.0,
      0.0,
      0.0,
      0.4,
      0.4,
      0.0,
      0.6,
      0.5,
      0.75,
      0.6667
    ],
    [
      0.0,
      0.0,
      0.0,
      0.0,
      0.0,
      0.0,
      0.0,
      0.0,
      0.2,
      0.4,
      0.6,
      0.0,
      0.5,
      0.5,
      0.6667
    ],
    [
      0.0,
      0.0,
      0.5,
      0.0,
      0.0,
      0.5,
      0.5,
      0.5,
      1.0,
      1.0,
      0.5,
      0.5,
      0.0,
      1.0,
      1.0
    ],
    [
      0.0,
      0.0,
      0.25,
      0.0,
      0.0,
      0.25,
      0.3333,
      0.25,
      0.5,
      0.5,
      0.75,
      0.5,
      1.0,
      0.0,
      0.5
    ],
    [
      0.0,
      0.0,
      0.0,
      0.0,
      0.0,
      0.0,
      0.0,
      0.0,
      0.3333,
      0.6667,
      0.6667,
      0.6667,
      1.0,
      0.5,
      0.0
    ]
  ]
}