{
  "_metadata": {
    "generated_at": "2026-03-16T20:29:11.430173+00:00",
    "date": "2026-03-16",
    "week": 9,
    "reference_date": "2026-03-16",
    "n_active": 13,
    "n_clusters": 2,
    "n_paredoes": 8,
    "n_contradictions": 45,
    "n_tensions": 1,
    "silhouette_coefficient": 0.4042,
    "resolution_used": 0.5,
    "best_cohesion": {
      "label": 2,
      "name": "Grupo Misto",
      "score": 1.4679
    },
    "worst_rivalry": {
      "key": "1<>2",
      "score": -5.1724,
      "text": "Frente Grupo Misto vs Grupo Misto"
    }
  },
  "active_names": [
    "Alberto Cowboy",
    "Ana Paula Renault",
    "Breno",
    "Chaiany",
    "Gabriela",
    "Jonas Sulzbach",
    "Jordana",
    "Juliano Floss",
    "Leandro",
    "Marciele",
    "Milena",
    "Samira",
    "Solange Couto"
  ],
  "cluster_order": [
    "Chaiany",
    "Breno",
    "Juliano Floss",
    "Milena",
    "Samira",
    "Leandro",
    "Ana Paula Renault",
    "Solange Couto",
    "Gabriela",
    "Alberto Cowboy",
    "Jordana",
    "Jonas Sulzbach",
    "Marciele"
  ],
  "communities": [
    {
      "label": 1,
      "name": "Frente Grupo Misto",
      "color": "#e74c3c",
      "members": [
        "Ana Paula Renault",
        "Breno",
        "Chaiany",
        "Gabriela",
        "Juliano Floss",
        "Leandro",
        "Milena",
        "Samira",
        "Solange Couto"
      ],
      "group_composition": {
        "Pipoca": 6,
        "Camarote": 2,
        "Veterano": 1
      },
      "cohesion": -0.6395,
      "best_external": {
        "label": 2,
        "name": "Grupo Misto",
        "score": -5.1724
      },
      "worst_external": {
        "label": 2,
        "name": "Grupo Misto",
        "score": -5.1724
      }
    },
    {
      "label": 2,
      "name": "Grupo Misto",
      "color": "#3498db",
      "members": [
        "Alberto Cowboy",
        "Jonas Sulzbach",
        "Jordana",
        "Marciele"
      ],
      "group_composition": {
        "Veterano": 2,
        "Pipoca": 2
      },
      "cohesion": 1.4679,
      "best_external": {
        "label": 1,
        "name": "Frente Grupo Misto",
        "score": -5.1724
      },
      "worst_external": {
        "label": 1,
        "name": "Frente Grupo Misto",
        "score": -5.1724
      }
    }
  ],
  "inter_cluster": [
    {
      "cluster_a": 1,
      "cluster_b": 2,
      "name_a": "Frente Grupo Misto",
      "name_b": "Grupo Misto",
      "score_sym": -5.1724,
      "score_a_to_b": -5.6369,
      "score_b_to_a": -4.7079,
      "vote_alignment": 0.1614
    }
  ],
  "polarization": [
    {
      "name": "Alberto Cowboy",
      "grupo": "Veterano",
      "cluster": 2,
      "avg_received": -4.2607,
      "std_received": 4.751,
      "contradictions": 6,
      "pos_received": 4.95,
      "top_love": [
        {
          "name": "Jonas Sulzbach",
          "score": 2.35
        },
        {
          "name": "Jordana",
          "score": 1.3
        },
        {
          "name": "Marciele",
          "score": 1.3
        }
      ],
      "top_hate": [
        {
          "name": "Leandro",
          "score": -12.08
        },
        {
          "name": "Milena",
          "score": -10.57
        },
        {
          "name": "Breno",
          "score": -9.88
        }
      ]
    },
    {
      "name": "Ana Paula Renault",
      "grupo": "Veterano",
      "cluster": 1,
      "avg_received": -2.0858,
      "std_received": 2.8493,
      "contradictions": 0,
      "pos_received": 6.666,
      "top_love": [
        {
          "name": "Milena",
          "score": 3.31
        },
        {
          "name": "Samira",
          "score": 2.0
        },
        {
          "name": "Juliano Floss",
          "score": 1.36
        }
      ],
      "top_hate": [
        {
          "name": "Jonas Sulzbach",
          "score": -5.59
        },
        {
          "name": "Breno",
          "score": -4.94
        },
        {
          "name": "Solange Couto",
          "score": -4.88
        }
      ]
    },
    {
      "name": "Breno",
      "grupo": "Pipoca",
      "cluster": 1,
      "avg_received": -1.8877,
      "std_received": 3.2751,
      "contradictions": 3,
      "pos_received": 5.77,
      "top_love": [
        {
          "name": "Samira",
          "score": 1.47
        },
        {
          "name": "Solange Couto",
          "score": 1.2
        },
        {
          "name": "Leandro",
          "score": 1.1
        }
      ],
      "top_hate": [
        {
          "name": "Jordana",
          "score": -7.94
        },
        {
          "name": "Alberto Cowboy",
          "score": -7.21
        },
        {
          "name": "Marciele",
          "score": -4.92
        }
      ]
    },
    {
      "name": "Chaiany",
      "grupo": "Pipoca",
      "cluster": 1,
      "avg_received": -0.6553,
      "std_received": 2.7105,
      "contradictions": 5,
      "pos_received": 10.28,
      "top_love": [
        {
          "name": "Gabriela",
          "score": 3.31
        },
        {
          "name": "Leandro",
          "score": 2.0
        },
        {
          "name": "Breno",
          "score": 1.5
        }
      ],
      "top_hate": [
        {
          "name": "Jordana",
          "score": -6.09
        },
        {
          "name": "Alberto Cowboy",
          "score": -3.79
        },
        {
          "name": "Ana Paula Renault",
          "score": -3.3
        }
      ]
    },
    {
      "name": "Gabriela",
      "grupo": "Pipoca",
      "cluster": 1,
      "avg_received": -1.2863,
      "std_received": 2.9156,
      "contradictions": 8,
      "pos_received": 6.0,
      "top_love": [
        {
          "name": "Chaiany",
          "score": 3.31
        },
        {
          "name": "Jordana",
          "score": 1.1
        },
        {
          "name": "Alberto Cowboy",
          "score": 0.95
        }
      ],
      "top_hate": [
        {
          "name": "Leandro",
          "score": -7.92
        },
        {
          "name": "Solange Couto",
          "score": -5.75
        },
        {
          "name": "Ana Paula Renault",
          "score": -2.23
        }
      ]
    },
    {
      "name": "Jonas Sulzbach",
      "grupo": "Veterano",
      "cluster": 2,
      "avg_received": -3.8348,
      "std_received": 5.0046,
      "contradictions": 1,
      "pos_received": 4.71,
      "top_love": [
        {
          "name": "Alberto Cowboy",
          "score": 3.01
        },
        {
          "name": "Jordana",
          "score": 1.2
        },
        {
          "name": "Solange Couto",
          "score": 0.5
        }
      ],
      "top_hate": [
        {
          "name": "Milena",
          "score": -13.89
        },
        {
          "name": "Juliano Floss",
          "score": -10.44
        },
        {
          "name": "Leandro",
          "score": -7.98
        }
      ]
    },
    {
      "name": "Jordana",
      "grupo": "Pipoca",
      "cluster": 2,
      "avg_received": -4.4378,
      "std_received": 4.821,
      "contradictions": 5,
      "pos_received": 5.6,
      "top_love": [
        {
          "name": "Alberto Cowboy",
          "score": 1.65
        },
        {
          "name": "Marciele",
          "score": 1.5
        },
        {
          "name": "Gabriela",
          "score": 1.25
        }
      ],
      "top_hate": [
        {
          "name": "Chaiany",
          "score": -13.15
        },
        {
          "name": "Breno",
          "score": -10.24
        },
        {
          "name": "Leandro",
          "score": -8.62
        }
      ]
    },
    {
      "name": "Juliano Floss",
      "grupo": "Camarote",
      "cluster": 1,
      "avg_received": -2.1121,
      "std_received": 3.8352,
      "contradictions": 4,
      "pos_received": 6.78,
      "top_love": [
        {
          "name": "Breno",
          "score": 1.49
        },
        {
          "name": "Leandro",
          "score": 1.3
        },
        {
          "name": "Chaiany",
          "score": 1.1
        }
      ],
      "top_hate": [
        {
          "name": "Marciele",
          "score": -9.2
        },
        {
          "name": "Jonas Sulzbach",
          "score": -7.19
        },
        {
          "name": "Gabriela",
          "score": -6.72
        }
      ]
    },
    {
      "name": "Leandro",
      "grupo": "Pipoca",
      "cluster": 1,
      "avg_received": -3.1809,
      "std_received": 4.0381,
      "contradictions": 2,
      "pos_received": 5.035,
      "top_love": [
        {
          "name": "Solange Couto",
          "score": 1.3
        },
        {
          "name": "Breno",
          "score": 1.2
        },
        {
          "name": "Chaiany",
          "score": 1.2
        }
      ],
      "top_hate": [
        {
          "name": "Alberto Cowboy",
          "score": -9.32
        },
        {
          "name": "Gabriela",
          "score": -7.95
        },
        {
          "name": "Jonas Sulzbach",
          "score": -7.45
        }
      ]
    },
    {
      "name": "Marciele",
      "grupo": "Pipoca",
      "cluster": 2,
      "avg_received": -2.9097,
      "std_received": 3.623,
      "contradictions": 7,
      "pos_received": 4.82,
      "top_love": [
        {
          "name": "Jordana",
          "score": 2.0
        },
        {
          "name": "Alberto Cowboy",
          "score": 1.55
        },
        {
          "name": "Gabriela",
          "score": 0.7
        }
      ],
      "top_hate": [
        {
          "name": "Juliano Floss",
          "score": -10.48
        },
        {
          "name": "Breno",
          "score": -6.92
        },
        {
          "name": "Leandro",
          "score": -5.97
        }
      ]
    },
    {
      "name": "Milena",
      "grupo": "Pipoca",
      "cluster": 1,
      "avg_received": -2.535,
      "std_received": 5.1562,
      "contradictions": 0,
      "pos_received": 7.802,
      "top_love": [
        {
          "name": "Ana Paula Renault",
          "score": 2.2
        },
        {
          "name": "Juliano Floss",
          "score": 2.12
        },
        {
          "name": "Samira",
          "score": 1.92
        }
      ],
      "top_hate": [
        {
          "name": "Jonas Sulzbach",
          "score": -14.36
        },
        {
          "name": "Alberto Cowboy",
          "score": -11.8
        },
        {
          "name": "Solange Couto",
          "score": -3.65
        }
      ]
    },
    {
      "name": "Samira",
      "grupo": "Pipoca",
      "cluster": 1,
      "avg_received": -1.5998,
      "std_received": 2.3155,
      "contradictions": 6,
      "pos_received": 3.59,
      "top_love": [
        {
          "name": "Breno",
          "score": 1.82
        },
        {
          "name": "Ana Paula Renault",
          "score": 0.84
        },
        {
          "name": "Milena",
          "score": 0.69
        }
      ],
      "top_hate": [
        {
          "name": "Jordana",
          "score": -5.85
        },
        {
          "name": "Marciele",
          "score": -4.04
        },
        {
          "name": "Jonas Sulzbach",
          "score": -3.8
        }
      ]
    },
    {
      "name": "Solange Couto",
      "grupo": "Camarote",
      "cluster": 1,
      "avg_received": -2.6176,
      "std_received": 3.2959,
      "contradictions": 11,
      "pos_received": 4.34,
      "top_love": [
        {
          "name": "Chaiany",
          "score": 1.45
        },
        {
          "name": "Leandro",
          "score": 1.2
        },
        {
          "name": "Breno",
          "score": 1.0
        }
      ],
      "top_hate": [
        {
          "name": "Jordana",
          "score": -8.63
        },
        {
          "name": "Ana Paula Renault",
          "score": -6.5
        },
        {
          "name": "Marciele",
          "score": -5.85
        }
      ]
    }
  ],
  "score_matrix_ordered": [
    [
      0.0,
      1.25,
      1.085,
      -0.732,
      0.45,
      1.6,
      -3.46,
      1.475,
      3.31,
      -2.535,
      -9.6205,
      -2.1275,
      -2.3588
    ],
    [
      1.25,
      0.0,
      1.245,
      0.185,
      1.645,
      1.15,
      -4.218,
      1.1,
      -0.08,
      -8.543,
      -9.088,
      -3.385,
      -5.92
    ],
    [
      1.085,
      1.245,
      0.0,
      1.543,
      -1.593,
      1.25,
      1.088,
      0.895,
      -3.8125,
      -6.1562,
      -2.7525,
      -8.816,
      -9.8425
    ],
    [
      -0.732,
      0.185,
      1.543,
      0.0,
      1.305,
      0.3905,
      2.755,
      -3.065,
      -2.837,
      -11.188,
      -4.995,
      -14.126,
      -2.525
    ],
    [
      0.45,
      1.645,
      -1.593,
      1.305,
      0.0,
      -1.25,
      1.42,
      -4.0525,
      -0.345,
      -3.845,
      -6.278,
      -4.853,
      -3.6175
    ],
    [
      1.6,
      1.15,
      1.25,
      0.3905,
      -1.25,
      0.0,
      -3.125,
      1.25,
      -7.933,
      -10.7005,
      -7.9805,
      -7.713,
      -6.098
    ],
    [
      -3.46,
      -4.218,
      1.088,
      2.755,
      1.42,
      -3.125,
      0.0,
      -5.688,
      -1.722,
      -5.672,
      -2.865,
      -6.405,
      -3.545
    ],
    [
      1.475,
      1.1,
      0.895,
      -3.065,
      -4.0525,
      1.25,
      -5.688,
      0.0,
      -5.5,
      -1.83,
      -7.03,
      -0.385,
      -3.755
    ],
    [
      3.31,
      -0.08,
      -3.8125,
      -2.837,
      -0.345,
      -7.933,
      -1.722,
      -5.5,
      0.0,
      -0.245,
      1.175,
      -0.395,
      -0.19
    ],
    [
      -2.535,
      -8.543,
      -6.1562,
      -11.188,
      -3.845,
      -10.7005,
      -5.672,
      -1.83,
      -0.245,
      0.0,
      1.475,
      2.68,
      1.425
    ],
    [
      -9.6205,
      -9.088,
      -2.7525,
      -4.995,
      -6.278,
      -7.9805,
      -2.865,
      -7.03,
      1.175,
      1.475,
      0.0,
      1.2,
      1.75
    ],
    [
      -2.1275,
      -3.385,
      -8.816,
      -14.126,
      -4.853,
      -7.713,
      -6.405,
      -0.385,
      -0.395,
      2.68,
      1.2,
      0.0,
      0.2775
    ],
    [
      -2.3588,
      -5.92,
      -9.8425,
      -2.525,
      -3.6175,
      -6.098,
      -3.545,
      -3.755,
      -0.19,
      1.425,
      1.75,
      0.2775,
      0.0
    ]
  ],
  "vote_matrix_ordered": [
    [
      0.0,
      0.75,
      0.625,
      0.625,
      0.2857,
      0.75,
      0.4286,
      0.5,
      0.0,
      0.0,
      0.0,
      0.0,
      0.0
    ],
    [
      0.75,
      0.0,
      0.75,
      0.875,
      0.5714,
      0.875,
      0.7143,
      0.75,
      0.125,
      0.0,
      0.0,
      0.3333,
      0.0
    ],
    [
      0.625,
      0.75,
      0.0,
      0.625,
      0.5714,
      0.75,
      0.7143,
      0.5,
      0.0,
      0.0,
      0.0,
      0.0,
      0.0
    ],
    [
      0.625,
      0.875,
      0.625,
      0.0,
      0.5714,
      0.75,
      0.8571,
      0.625,
      0.125,
      0.0,
      0.0,
      0.3333,
      0.0
    ],
    [
      0.2857,
      0.5714,
      0.5714,
      0.5714,
      0.0,
      0.4286,
      0.8333,
      0.5714,
      0.2857,
      0.25,
      0.1429,
      1.0,
      0.2857
    ],
    [
      0.75,
      0.875,
      0.75,
      0.75,
      0.4286,
      0.0,
      0.5714,
      0.625,
      0.0,
      0.0,
      0.0,
      0.0,
      0.0
    ],
    [
      0.4286,
      0.7143,
      0.7143,
      0.8571,
      0.8333,
      0.5714,
      0.0,
      0.5714,
      0.1429,
      0.0,
      0.0,
      0.3333,
      0.0
    ],
    [
      0.5,
      0.75,
      0.5,
      0.625,
      0.5714,
      0.625,
      0.5714,
      0.0,
      0.125,
      0.0,
      0.0,
      0.3333,
      0.0
    ],
    [
      0.0,
      0.125,
      0.0,
      0.125,
      0.2857,
      0.0,
      0.1429,
      0.125,
      0.0,
      0.8,
      0.5,
      1.0,
      0.5
    ],
    [
      0.0,
      0.0,
      0.0,
      0.0,
      0.25,
      0.0,
      0.0,
      0.0,
      0.8,
      0.0,
      0.8,
      1.0,
      0.8
    ],
    [
      0.0,
      0.0,
      0.0,
      0.0,
      0.1429,
      0.0,
      0.0,
      0.0,
      0.5,
      0.8,
      0.0,
      0.6667,
      0.75
    ],
    [
      0.0,
      0.3333,
      0.0,
      0.3333,
      1.0,
      0.0,
      0.3333,
      0.3333,
      1.0,
      1.0,
      0.6667,
      0.0,
      0.6667
    ],
    [
      0.0,
      0.0,
      0.0,
      0.0,
      0.2857,
      0.0,
      0.0,
      0.0,
      0.5,
      0.8,
      0.75,
      0.6667,
      0.0
    ]
  ]
}