{
  "_metadata": {
    "generated_at": "2026-03-02T04:46:30.390632+00:00",
    "date": "2026-03-01",
    "week": 7,
    "reference_date": "2026-03-01",
    "n_active": 14,
    "n_clusters": 2,
    "n_paredoes": 6,
    "n_contradictions": 32,
    "n_tensions": 1,
    "silhouette_coefficient": 0.4388,
    "resolution_used": 0.5,
    "best_cohesion": {
      "label": 2,
      "name": "Aliança Grupo Misto",
      "score": 1.6592
    },
    "worst_rivalry": {
      "key": "1<>2",
      "score": -3.59,
      "text": "Frente Grupo Misto vs Aliança Grupo Misto"
    }
  },
  "active_names": [
    "Alberto Cowboy",
    "Ana Paula Renault",
    "Babu Santana",
    "Breno",
    "Chaiany",
    "Gabriela",
    "Jonas Sulzbach",
    "Jordana",
    "Juliano Floss",
    "Leandro",
    "Marciele",
    "Milena",
    "Samira",
    "Solange Couto"
  ],
  "cluster_order": [
    "Chaiany",
    "Juliano Floss",
    "Breno",
    "Leandro",
    "Solange Couto",
    "Babu Santana",
    "Samira",
    "Milena",
    "Ana Paula Renault",
    "Gabriela",
    "Alberto Cowboy",
    "Jonas Sulzbach",
    "Marciele",
    "Jordana"
  ],
  "communities": [
    {
      "label": 1,
      "name": "Frente Grupo Misto",
      "color": "#e74c3c",
      "members": [
        "Ana Paula Renault",
        "Babu Santana",
        "Breno",
        "Chaiany",
        "Gabriela",
        "Juliano Floss",
        "Leandro",
        "Milena",
        "Samira",
        "Solange Couto"
      ],
      "group_composition": {
        "Pipoca": 6,
        "Veterano": 2,
        "Camarote": 2
      },
      "cohesion": -0.1066,
      "best_external": {
        "label": 2,
        "name": "Aliança Grupo Misto",
        "score": -3.59
      },
      "worst_external": {
        "label": 2,
        "name": "Aliança Grupo Misto",
        "score": -3.59
      }
    },
    {
      "label": 2,
      "name": "Aliança Grupo Misto",
      "color": "#3498db",
      "members": [
        "Alberto Cowboy",
        "Jonas Sulzbach",
        "Jordana",
        "Marciele"
      ],
      "group_composition": {
        "Veterano": 2,
        "Pipoca": 2
      },
      "cohesion": 1.6592,
      "best_external": {
        "label": 1,
        "name": "Frente Grupo Misto",
        "score": -3.59
      },
      "worst_external": {
        "label": 1,
        "name": "Frente Grupo Misto",
        "score": -3.59
      }
    }
  ],
  "inter_cluster": [
    {
      "cluster_a": 1,
      "cluster_b": 2,
      "name_a": "Frente Grupo Misto",
      "name_b": "Aliança Grupo Misto",
      "score_sym": -3.59,
      "score_a_to_b": -3.8979,
      "score_b_to_a": -3.2821,
      "vote_alignment": 0.1625
    }
  ],
  "polarization": [
    {
      "name": "Alberto Cowboy",
      "grupo": "Veterano",
      "cluster": 2,
      "avg_received": -3.7967,
      "std_received": 4.0016,
      "contradictions": 0,
      "pos_received": 4.95,
      "top_love": [
        {
          "name": "Jonas Sulzbach",
          "score": 2.35
        },
        {
          "name": "Jordana",
          "score": 1.3
        },
        {
          "name": "Marciele",
          "score": 1.3
        }
      ],
      "top_hate": [
        {
          "name": "Leandro",
          "score": -11.28
        },
        {
          "name": "Breno",
          "score": -8.44
        },
        {
          "name": "Milena",
          "score": -7.76
        }
      ]
    },
    {
      "name": "Ana Paula Renault",
      "grupo": "Veterano",
      "cluster": 1,
      "avg_received": -0.9491,
      "std_received": 1.9033,
      "contradictions": 0,
      "pos_received": 5.792,
      "top_love": [
        {
          "name": "Milena",
          "score": 2.2
        },
        {
          "name": "Samira",
          "score": 1.43
        },
        {
          "name": "Juliano Floss",
          "score": 1.36
        }
      ],
      "top_hate": [
        {
          "name": "Alberto Cowboy",
          "score": -4.56
        },
        {
          "name": "Jonas Sulzbach",
          "score": -3.23
        },
        {
          "name": "Marciele",
          "score": -2.37
        }
      ]
    },
    {
      "name": "Babu Santana",
      "grupo": "Veterano",
      "cluster": 1,
      "avg_received": -1.1537,
      "std_received": 2.6695,
      "contradictions": 0,
      "pos_received": 8.03,
      "top_love": [
        {
          "name": "Solange Couto",
          "score": 2.2
        },
        {
          "name": "Leandro",
          "score": 1.7
        },
        {
          "name": "Chaiany",
          "score": 1.65
        }
      ],
      "top_hate": [
        {
          "name": "Jonas Sulzbach",
          "score": -6.48
        },
        {
          "name": "Gabriela",
          "score": -4.98
        },
        {
          "name": "Ana Paula Renault",
          "score": -3.48
        }
      ]
    },
    {
      "name": "Breno",
      "grupo": "Pipoca",
      "cluster": 1,
      "avg_received": -1.3957,
      "std_received": 2.7094,
      "contradictions": 2,
      "pos_received": 5.9325,
      "top_love": [
        {
          "name": "Babu Santana",
          "score": 1.28
        },
        {
          "name": "Leandro",
          "score": 1.1
        },
        {
          "name": "Chaiany",
          "score": 1.0
        }
      ],
      "top_hate": [
        {
          "name": "Jordana",
          "score": -6.76
        },
        {
          "name": "Alberto Cowboy",
          "score": -6.31
        },
        {
          "name": "Marciele",
          "score": -3.8
        }
      ]
    },
    {
      "name": "Chaiany",
      "grupo": "Pipoca",
      "cluster": 1,
      "avg_received": -0.0206,
      "std_received": 1.9644,
      "contradictions": 4,
      "pos_received": 11.025,
      "top_love": [
        {
          "name": "Gabriela",
          "score": 3.31
        },
        {
          "name": "Leandro",
          "score": 2.0
        },
        {
          "name": "Breno",
          "score": 1.5
        }
      ],
      "top_hate": [
        {
          "name": "Alberto Cowboy",
          "score": -3.77
        },
        {
          "name": "Milena",
          "score": -2.66
        },
        {
          "name": "Ana Paula Renault",
          "score": -1.66
        }
      ]
    },
    {
      "name": "Gabriela",
      "grupo": "Pipoca",
      "cluster": 1,
      "avg_received": -0.8392,
      "std_received": 1.9603,
      "contradictions": 9,
      "pos_received": 6.43,
      "top_love": [
        {
          "name": "Chaiany",
          "score": 3.31
        },
        {
          "name": "Jonas Sulzbach",
          "score": 1.3
        },
        {
          "name": "Alberto Cowboy",
          "score": 0.8
        }
      ],
      "top_hate": [
        {
          "name": "Babu Santana",
          "score": -3.87
        },
        {
          "name": "Leandro",
          "score": -3.1
        },
        {
          "name": "Ana Paula Renault",
          "score": -2.61
        }
      ]
    },
    {
      "name": "Jonas Sulzbach",
      "grupo": "Veterano",
      "cluster": 2,
      "avg_received": -2.084,
      "std_received": 3.3923,
      "contradictions": 0,
      "pos_received": 6.61,
      "top_love": [
        {
          "name": "Alberto Cowboy",
          "score": 3.01
        },
        {
          "name": "Gabriela",
          "score": 1.2
        },
        {
          "name": "Jordana",
          "score": 1.2
        }
      ],
      "top_hate": [
        {
          "name": "Babu Santana",
          "score": -8.78
        },
        {
          "name": "Milena",
          "score": -5.96
        },
        {
          "name": "Juliano Floss",
          "score": -5.43
        }
      ]
    },
    {
      "name": "Jordana",
      "grupo": "Pipoca",
      "cluster": 2,
      "avg_received": -3.0251,
      "std_received": 2.9946,
      "contradictions": 3,
      "pos_received": 4.73,
      "top_love": [
        {
          "name": "Alberto Cowboy",
          "score": 1.65
        },
        {
          "name": "Marciele",
          "score": 1.5
        },
        {
          "name": "Jonas Sulzbach",
          "score": 1.2
        }
      ],
      "top_hate": [
        {
          "name": "Samira",
          "score": -7.12
        },
        {
          "name": "Breno",
          "score": -5.87
        },
        {
          "name": "Milena",
          "score": -5.5
        }
      ]
    },
    {
      "name": "Juliano Floss",
      "grupo": "Camarote",
      "cluster": 1,
      "avg_received": -1.2738,
      "std_received": 2.9721,
      "contradictions": 2,
      "pos_received": 7.52,
      "top_love": [
        {
          "name": "Babu Santana",
          "score": 1.4
        },
        {
          "name": "Leandro",
          "score": 1.3
        },
        {
          "name": "Breno",
          "score": 1.1
        }
      ],
      "top_hate": [
        {
          "name": "Marciele",
          "score": -7.76
        },
        {
          "name": "Alberto Cowboy",
          "score": -5.8
        },
        {
          "name": "Jonas Sulzbach",
          "score": -3.88
        }
      ]
    },
    {
      "name": "Leandro",
      "grupo": "Pipoca",
      "cluster": 1,
      "avg_received": -1.7704,
      "std_received": 3.2446,
      "contradictions": 0,
      "pos_received": 6.4,
      "top_love": [
        {
          "name": "Babu Santana",
          "score": 1.5
        },
        {
          "name": "Solange Couto",
          "score": 1.3
        },
        {
          "name": "Breno",
          "score": 1.2
        }
      ],
      "top_hate": [
        {
          "name": "Alberto Cowboy",
          "score": -10.22
        },
        {
          "name": "Gabriela",
          "score": -4.27
        },
        {
          "name": "Jordana",
          "score": -4.24
        }
      ]
    },
    {
      "name": "Marciele",
      "grupo": "Pipoca",
      "cluster": 2,
      "avg_received": -1.5562,
      "std_received": 2.1587,
      "contradictions": 2,
      "pos_received": 5.9,
      "top_love": [
        {
          "name": "Jordana",
          "score": 2.0
        },
        {
          "name": "Jonas Sulzbach",
          "score": 1.65
        },
        {
          "name": "Alberto Cowboy",
          "score": 1.55
        }
      ],
      "top_hate": [
        {
          "name": "Juliano Floss",
          "score": -4.64
        },
        {
          "name": "Breno",
          "score": -3.35
        },
        {
          "name": "Ana Paula Renault",
          "score": -3.26
        }
      ]
    },
    {
      "name": "Milena",
      "grupo": "Pipoca",
      "cluster": 1,
      "avg_received": -1.6545,
      "std_received": 3.4088,
      "contradictions": 1,
      "pos_received": 7.683,
      "top_love": [
        {
          "name": "Ana Paula Renault",
          "score": 2.2
        },
        {
          "name": "Juliano Floss",
          "score": 2.12
        },
        {
          "name": "Samira",
          "score": 1.92
        }
      ],
      "top_hate": [
        {
          "name": "Alberto Cowboy",
          "score": -9.2
        },
        {
          "name": "Jonas Sulzbach",
          "score": -7.8
        },
        {
          "name": "Jordana",
          "score": -3.14
        }
      ]
    },
    {
      "name": "Samira",
      "grupo": "Pipoca",
      "cluster": 1,
      "avg_received": -1.307,
      "std_received": 1.9821,
      "contradictions": 2,
      "pos_received": 2.46,
      "top_love": [
        {
          "name": "Breno",
          "score": 1.7
        },
        {
          "name": "Milena",
          "score": 0.54
        },
        {
          "name": "Ana Paula Renault",
          "score": 0.22
        }
      ],
      "top_hate": [
        {
          "name": "Jordana",
          "score": -5.8
        },
        {
          "name": "Marciele",
          "score": -4.16
        },
        {
          "name": "Alberto Cowboy",
          "score": -3.06
        }
      ]
    },
    {
      "name": "Solange Couto",
      "grupo": "Camarote",
      "cluster": 1,
      "avg_received": -0.4727,
      "std_received": 1.7461,
      "contradictions": 7,
      "pos_received": 7.305,
      "top_love": [
        {
          "name": "Babu Santana",
          "score": 2.4
        },
        {
          "name": "Chaiany",
          "score": 1.45
        },
        {
          "name": "Leandro",
          "score": 1.2
        }
      ],
      "top_hate": [
        {
          "name": "Jordana",
          "score": -3.44
        },
        {
          "name": "Alberto Cowboy",
          "score": -2.44
        },
        {
          "name": "Marciele",
          "score": -2.31
        }
      ]
    }
  ],
  "score_matrix_ordered": [
    [
      0.0,
      0.8075,
      1.25,
      1.6,
      1.475,
      1.475,
      0.45,
      -2.272,
      -1.5095,
      3.31,
      -1.9425,
      -0.515,
      -1.9112,
      -3.235
    ],
    [
      0.8075,
      0.0,
      1.05,
      1.25,
      0.6475,
      1.365,
      -1.563,
      1.468,
      1.088,
      -2.4625,
      -5.5762,
      -4.653,
      -6.2,
      -2.5475
    ],
    [
      1.25,
      1.05,
      0.0,
      1.15,
      0.8075,
      1.2138,
      1.32,
      -1.545,
      -1.735,
      -0.005,
      -7.373,
      -2.08,
      -3.575,
      -6.313
    ],
    [
      1.6,
      1.25,
      1.15,
      0.0,
      1.25,
      1.6,
      -1.61,
      0.0755,
      -0.162,
      -3.685,
      -10.748,
      -4.42,
      -2.85,
      -4.42
    ],
    [
      1.475,
      0.6475,
      0.8075,
      1.25,
      0.0,
      2.3,
      -1.2075,
      -1.5125,
      -0.9125,
      -2.245,
      -2.91,
      0.18,
      -2.1675,
      -3.455
    ],
    [
      1.475,
      1.365,
      1.2138,
      1.6,
      2.3,
      0.0,
      -0.72,
      -1.2845,
      -2.4133,
      -4.4225,
      -2.815,
      -7.626,
      -1.905,
      -3.6475
    ],
    [
      0.45,
      -1.563,
      1.32,
      -1.61,
      -1.2075,
      -0.72,
      0.0,
      1.23,
      0.825,
      -0.68,
      -3.95,
      -1.475,
      -3.16,
      -6.4555
    ],
    [
      -2.272,
      1.468,
      -1.545,
      0.0755,
      -1.5125,
      -1.2845,
      1.23,
      0.0,
      2.2,
      -1.912,
      -8.48,
      -6.88,
      -1.5875,
      -4.32
    ],
    [
      -1.5095,
      1.088,
      -1.735,
      -0.162,
      -0.9125,
      -2.4133,
      0.825,
      2.2,
      0.0,
      -2.1445,
      -5.252,
      -3.7045,
      -2.815,
      -3.425
    ],
    [
      3.31,
      -2.4625,
      -0.005,
      -3.685,
      -2.245,
      -4.4225,
      -0.68,
      -1.912,
      -2.1445,
      0.0,
      -0.755,
      1.25,
      -0.19,
      0.305
    ],
    [
      -1.9425,
      -5.5762,
      -7.373,
      -10.748,
      -2.91,
      -2.815,
      -3.95,
      -8.48,
      -5.252,
      -0.755,
      0.0,
      2.68,
      1.425,
      1.475
    ],
    [
      -0.515,
      -4.653,
      -2.08,
      -4.42,
      0.18,
      -7.626,
      -1.475,
      -6.88,
      -3.7045,
      1.25,
      2.68,
      0.0,
      1.425,
      1.2
    ],
    [
      -1.9112,
      -6.2,
      -3.575,
      -2.85,
      -2.1675,
      -1.905,
      -3.16,
      -1.5875,
      -2.815,
      -0.19,
      1.425,
      1.425,
      0.0,
      1.75
    ],
    [
      -3.235,
      -2.5475,
      -6.313,
      -4.42,
      -3.455,
      -3.6475,
      -6.4555,
      -4.32,
      -3.425,
      0.305,
      1.475,
      1.2,
      1.75,
      0.0
    ]
  ],
  "vote_matrix_ordered": [
    [
      0.0,
      0.6667,
      0.6667,
      0.6667,
      0.3333,
      0.6,
      0.3333,
      0.6667,
      0.6,
      0.0,
      0.0,
      0.0,
      0.0,
      0.0
    ],
    [
      0.6667,
      0.0,
      0.8333,
      0.8333,
      0.5,
      1.0,
      0.5,
      0.8333,
      0.8,
      0.0,
      0.0,
      0.0,
      0.0,
      0.0
    ],
    [
      0.6667,
      0.8333,
      0.0,
      0.8333,
      0.6667,
      0.8,
      0.6667,
      1.0,
      1.0,
      0.1667,
      0.0,
      0.5,
      0.0,
      0.0
    ],
    [
      0.6667,
      0.8333,
      0.8333,
      0.0,
      0.5,
      0.8,
      0.5,
      0.8333,
      0.8,
      0.0,
      0.0,
      0.0,
      0.0,
      0.0
    ],
    [
      0.3333,
      0.5,
      0.6667,
      0.5,
      0.0,
      0.6,
      0.6667,
      0.6667,
      0.8,
      0.1667,
      0.0,
      0.5,
      0.0,
      0.0
    ],
    [
      0.6,
      1.0,
      0.8,
      0.8,
      0.6,
      0.0,
      0.6,
      0.8,
      0.8,
      0.0,
      0.0,
      0.0,
      0.0,
      0.0
    ],
    [
      0.3333,
      0.5,
      0.6667,
      0.5,
      0.6667,
      0.6,
      0.0,
      0.6667,
      0.8,
      0.3333,
      0.25,
      1.0,
      0.3333,
      0.1667
    ],
    [
      0.6667,
      0.8333,
      1.0,
      0.8333,
      0.6667,
      0.8,
      0.6667,
      0.0,
      1.0,
      0.1667,
      0.0,
      0.5,
      0.0,
      0.0
    ],
    [
      0.6,
      0.8,
      1.0,
      0.8,
      0.8,
      0.8,
      0.8,
      1.0,
      0.0,
      0.2,
      0.0,
      0.5,
      0.0,
      0.0
    ],
    [
      0.0,
      0.0,
      0.1667,
      0.0,
      0.1667,
      0.0,
      0.3333,
      0.1667,
      0.2,
      0.0,
      0.75,
      1.0,
      0.5,
      0.5
    ],
    [
      0.0,
      0.0,
      0.0,
      0.0,
      0.0,
      0.0,
      0.25,
      0.0,
      0.0,
      0.75,
      0.0,
      1.0,
      0.75,
      0.75
    ],
    [
      0.0,
      0.0,
      0.5,
      0.0,
      0.5,
      0.0,
      1.0,
      0.5,
      0.5,
      1.0,
      1.0,
      0.0,
      0.5,
      0.5
    ],
    [
      0.0,
      0.0,
      0.0,
      0.0,
      0.0,
      0.0,
      0.3333,
      0.0,
      0.0,
      0.5,
      0.75,
      0.5,
      0.0,
      0.6667
    ],
    [
      0.0,
      0.0,
      0.0,
      0.0,
      0.0,
      0.0,
      0.1667,
      0.0,
      0.0,
      0.5,
      0.75,
      0.5,
      0.6667,
      0.0
    ]
  ]
}