{
  "_metadata": {
    "generated_at": "2026-02-23T17:09:38.972371+00:00",
    "date": "2026-02-23",
    "week": 6,
    "reference_date": "2026-02-23",
    "n_active": 15,
    "n_clusters": 2,
    "n_paredoes": 5,
    "n_contradictions": 29,
    "n_tensions": 1,
    "silhouette_coefficient": 0.4363,
    "resolution_used": 0.7,
    "best_cohesion": {
      "label": 2,
      "name": "Grupo Misto A",
      "score": 0.7863
    },
    "worst_rivalry": {
      "key": "1<>2",
      "score": -2.375,
      "text": "Grupo Misto vs Grupo Misto A"
    }
  },
  "active_names": [
    "Alberto Cowboy",
    "Ana Paula Renault",
    "Babu Santana",
    "Breno",
    "Chaiany",
    "Gabriela",
    "Jonas Sulzbach",
    "Jordana",
    "Juliano Floss",
    "Leandro",
    "Marciele",
    "Maxiane",
    "Milena",
    "Samira",
    "Solange Couto"
  ],
  "cluster_order": [
    "Babu Santana",
    "Chaiany",
    "Leandro",
    "Juliano Floss",
    "Solange Couto",
    "Milena",
    "Ana Paula Renault",
    "Breno",
    "Samira",
    "Jonas Sulzbach",
    "Jordana",
    "Marciele",
    "Alberto Cowboy",
    "Maxiane",
    "Gabriela"
  ],
  "communities": [
    {
      "label": 1,
      "name": "Grupo Misto",
      "color": "#e74c3c",
      "members": [
        "Ana Paula Renault",
        "Babu Santana",
        "Breno",
        "Chaiany",
        "Juliano Floss",
        "Leandro",
        "Milena",
        "Samira",
        "Solange Couto"
      ],
      "group_composition": {
        "Pipoca": 5,
        "Veterano": 2,
        "Camarote": 2
      },
      "cohesion": 0.5903,
      "best_external": {
        "label": 2,
        "name": "Grupo Misto A",
        "score": -2.375
      },
      "worst_external": {
        "label": 2,
        "name": "Grupo Misto A",
        "score": -2.375
      }
    },
    {
      "label": 2,
      "name": "Grupo Misto A",
      "color": "#3498db",
      "members": [
        "Alberto Cowboy",
        "Gabriela",
        "Jonas Sulzbach",
        "Jordana",
        "Marciele",
        "Maxiane"
      ],
      "group_composition": {
        "Pipoca": 4,
        "Veterano": 2
      },
      "cohesion": 0.7863,
      "best_external": {
        "label": 1,
        "name": "Grupo Misto",
        "score": -2.375
      },
      "worst_external": {
        "label": 1,
        "name": "Grupo Misto",
        "score": -2.375
      }
    }
  ],
  "inter_cluster": [
    {
      "cluster_a": 1,
      "cluster_b": 2,
      "name_a": "Grupo Misto",
      "name_b": "Grupo Misto A",
      "score_sym": -2.375,
      "score_a_to_b": -2.4889,
      "score_b_to_a": -2.2611,
      "vote_alignment": 0.1253
    }
  ],
  "polarization": [
    {
      "name": "Alberto Cowboy",
      "grupo": "Veterano",
      "cluster": 2,
      "avg_received": -2.5351,
      "std_received": 3.2649,
      "contradictions": 1,
      "pos_received": 4.35,
      "top_love": [
        {
          "name": "Jonas Sulzbach",
          "score": 1.65
        },
        {
          "name": "Jordana",
          "score": 1.0
        },
        {
          "name": "Marciele",
          "score": 1.0
        }
      ],
      "top_hate": [
        {
          "name": "Leandro",
          "score": -10.28
        },
        {
          "name": "Milena",
          "score": -6.46
        },
        {
          "name": "Ana Paula Renault",
          "score": -4.64
        }
      ]
    },
    {
      "name": "Ana Paula Renault",
      "grupo": "Veterano",
      "cluster": 1,
      "avg_received": -0.5106,
      "std_received": 1.9876,
      "contradictions": 0,
      "pos_received": 6.61,
      "top_love": [
        {
          "name": "Milena",
          "score": 1.5
        },
        {
          "name": "Samira",
          "score": 1.3
        },
        {
          "name": "Chaiany",
          "score": 0.86
        }
      ],
      "top_hate": [
        {
          "name": "Maxiane",
          "score": -6.48
        },
        {
          "name": "Alberto Cowboy",
          "score": -1.82
        },
        {
          "name": "Breno",
          "score": -1.48
        }
      ]
    },
    {
      "name": "Babu Santana",
      "grupo": "Veterano",
      "cluster": 1,
      "avg_received": -0.267,
      "std_received": 2.082,
      "contradictions": 0,
      "pos_received": 7.8875,
      "top_love": [
        {
          "name": "Juliano Floss",
          "score": 1.5
        },
        {
          "name": "Solange Couto",
          "score": 1.5
        },
        {
          "name": "Chaiany",
          "score": 1.0
        }
      ],
      "top_hate": [
        {
          "name": "Jonas Sulzbach",
          "score": -6.2
        },
        {
          "name": "Gabriela",
          "score": -3.68
        },
        {
          "name": "Jordana",
          "score": -0.93
        }
      ]
    },
    {
      "name": "Breno",
      "grupo": "Pipoca",
      "cluster": 1,
      "avg_received": 0.1077,
      "std_received": 1.0654,
      "contradictions": 1,
      "pos_received": 7.7175,
      "top_love": [
        {
          "name": "Gabriela",
          "score": 1.3
        },
        {
          "name": "Babu Santana",
          "score": 1.18
        },
        {
          "name": "Chaiany",
          "score": 1.0
        }
      ],
      "top_hate": [
        {
          "name": "Milena",
          "score": -1.63
        },
        {
          "name": "Ana Paula Renault",
          "score": -1.55
        },
        {
          "name": "Alberto Cowboy",
          "score": -1.45
        }
      ]
    },
    {
      "name": "Chaiany",
      "grupo": "Pipoca",
      "cluster": 1,
      "avg_received": -0.051,
      "std_received": 1.7971,
      "contradictions": 4,
      "pos_received": 10.15,
      "top_love": [
        {
          "name": "Gabriela",
          "score": 2.61
        },
        {
          "name": "Leandro",
          "score": 1.5
        },
        {
          "name": "Babu Santana",
          "score": 1.0
        }
      ],
      "top_hate": [
        {
          "name": "Alberto Cowboy",
          "score": -4.17
        },
        {
          "name": "Maxiane",
          "score": -2.63
        },
        {
          "name": "Jonas Sulzbach",
          "score": -1.9
        }
      ]
    },
    {
      "name": "Gabriela",
      "grupo": "Pipoca",
      "cluster": 2,
      "avg_received": -0.6186,
      "std_received": 1.5422,
      "contradictions": 7,
      "pos_received": 5.77,
      "top_love": [
        {
          "name": "Chaiany",
          "score": 2.46
        },
        {
          "name": "Jonas Sulzbach",
          "score": 1.2
        },
        {
          "name": "Alberto Cowboy",
          "score": 1.0
        }
      ],
      "top_hate": [
        {
          "name": "Solange Couto",
          "score": -2.91
        },
        {
          "name": "Maxiane",
          "score": -2.4
        },
        {
          "name": "Leandro",
          "score": -2.1
        }
      ]
    },
    {
      "name": "Jonas Sulzbach",
      "grupo": "Veterano",
      "cluster": 2,
      "avg_received": -1.5269,
      "std_received": 2.6515,
      "contradictions": 0,
      "pos_received": 5.11,
      "top_love": [
        {
          "name": "Alberto Cowboy",
          "score": 1.35
        },
        {
          "name": "Gabriela",
          "score": 1.0
        },
        {
          "name": "Jordana",
          "score": 1.0
        }
      ],
      "top_hate": [
        {
          "name": "Babu Santana",
          "score": -7.48
        },
        {
          "name": "Milena",
          "score": -4.66
        },
        {
          "name": "Juliano Floss",
          "score": -4.6
        }
      ]
    },
    {
      "name": "Jordana",
      "grupo": "Pipoca",
      "cluster": 2,
      "avg_received": -2.0264,
      "std_received": 2.4143,
      "contradictions": 2,
      "pos_received": 5.53,
      "top_love": [
        {
          "name": "Maxiane",
          "score": 1.38
        },
        {
          "name": "Gabriela",
          "score": 1.15
        },
        {
          "name": "Alberto Cowboy",
          "score": 1.0
        }
      ],
      "top_hate": [
        {
          "name": "Chaiany",
          "score": -5.28
        },
        {
          "name": "Ana Paula Renault",
          "score": -4.76
        },
        {
          "name": "Milena",
          "score": -3.91
        }
      ]
    },
    {
      "name": "Juliano Floss",
      "grupo": "Camarote",
      "cluster": 1,
      "avg_received": -1.285,
      "std_received": 2.3481,
      "contradictions": 2,
      "pos_received": 5.34,
      "top_love": [
        {
          "name": "Babu Santana",
          "score": 1.2
        },
        {
          "name": "Breno",
          "score": 1.0
        },
        {
          "name": "Chaiany",
          "score": 1.0
        }
      ],
      "top_hate": [
        {
          "name": "Marciele",
          "score": -6.46
        },
        {
          "name": "Alberto Cowboy",
          "score": -4.38
        },
        {
          "name": "Maxiane",
          "score": -3.3
        }
      ]
    },
    {
      "name": "Leandro",
      "grupo": "Pipoca",
      "cluster": 1,
      "avg_received": -1.3623,
      "std_received": 2.9408,
      "contradictions": 1,
      "pos_received": 6.04,
      "top_love": [
        {
          "name": "Babu Santana",
          "score": 1.0
        },
        {
          "name": "Breno",
          "score": 1.0
        },
        {
          "name": "Chaiany",
          "score": 1.0
        }
      ],
      "top_hate": [
        {
          "name": "Alberto Cowboy",
          "score": -9.72
        },
        {
          "name": "Gabriela",
          "score": -3.76
        },
        {
          "name": "Jordana",
          "score": -3.61
        }
      ]
    },
    {
      "name": "Marciele",
      "grupo": "Pipoca",
      "cluster": 2,
      "avg_received": -0.2146,
      "std_received": 1.1234,
      "contradictions": 1,
      "pos_received": 5.765,
      "top_love": [
        {
          "name": "Jordana",
          "score": 1.5
        },
        {
          "name": "Maxiane",
          "score": 1.5
        },
        {
          "name": "Alberto Cowboy",
          "score": 1.2
        }
      ],
      "top_hate": [
        {
          "name": "Ana Paula Renault",
          "score": -1.84
        },
        {
          "name": "Milena",
          "score": -1.48
        },
        {
          "name": "Juliano Floss",
          "score": -1.28
        }
      ]
    },
    {
      "name": "Maxiane",
      "grupo": "Pipoca",
      "cluster": 2,
      "avg_received": -0.9933,
      "std_received": 2.097,
      "contradictions": 2,
      "pos_received": 4.63,
      "top_love": [
        {
          "name": "Marciele",
          "score": 1.5
        },
        {
          "name": "Jordana",
          "score": 1.36
        },
        {
          "name": "Jonas Sulzbach",
          "score": 0.87
        }
      ],
      "top_hate": [
        {
          "name": "Chaiany",
          "score": -6.16
        },
        {
          "name": "Ana Paula Renault",
          "score": -4.78
        },
        {
          "name": "Milena",
          "score": -1.79
        }
      ]
    },
    {
      "name": "Milena",
      "grupo": "Pipoca",
      "cluster": 1,
      "avg_received": -1.0927,
      "std_received": 2.8163,
      "contradictions": 1,
      "pos_received": 8.064,
      "top_love": [
        {
          "name": "Babu Santana",
          "score": 2.02
        },
        {
          "name": "Juliano Floss",
          "score": 1.82
        },
        {
          "name": "Ana Paula Renault",
          "score": 1.5
        }
      ],
      "top_hate": [
        {
          "name": "Alberto Cowboy",
          "score": -7.9
        },
        {
          "name": "Jonas Sulzbach",
          "score": -6.06
        },
        {
          "name": "Maxiane",
          "score": -2.58
        }
      ]
    },
    {
      "name": "Samira",
      "grupo": "Pipoca",
      "cluster": 1,
      "avg_received": -0.8707,
      "std_received": 1.5763,
      "contradictions": 3,
      "pos_received": 3.62,
      "top_love": [
        {
          "name": "Babu Santana",
          "score": 1.0
        },
        {
          "name": "Breno",
          "score": 1.0
        },
        {
          "name": "Chaiany",
          "score": 1.0
        }
      ],
      "top_hate": [
        {
          "name": "Jordana",
          "score": -3.69
        },
        {
          "name": "Maxiane",
          "score": -3.1
        },
        {
          "name": "Marciele",
          "score": -2.86
        }
      ]
    },
    {
      "name": "Solange Couto",
      "grupo": "Camarote",
      "cluster": 1,
      "avg_received": -0.3539,
      "std_received": 1.6365,
      "contradictions": 5,
      "pos_received": 7.36,
      "top_love": [
        {
          "name": "Babu Santana",
          "score": 1.7
        },
        {
          "name": "Breno",
          "score": 1.0
        },
        {
          "name": "Chaiany",
          "score": 1.0
        }
      ],
      "top_hate": [
        {
          "name": "Maxiane",
          "score": -3.06
        },
        {
          "name": "Jordana",
          "score": -2.61
        },
        {
          "name": "Marciele",
          "score": -2.5
        }
      ]
    }
  ],
  "score_matrix_ordered": [
    [
      0.0,
      1.0,
      1.0,
      1.35,
      1.6,
      1.268,
      0.6018,
      1.0137,
      0.94,
      -6.836,
      -2.29,
      -0.735,
      -2.11,
      -0.575,
      -2.81
    ],
    [
      1.0,
      0.0,
      1.25,
      1.0,
      1.0,
      0.688,
      0.688,
      1.0,
      1.0,
      -1.175,
      -3.41,
      -0.7913,
      -2.2,
      -4.393,
      2.535
    ],
    [
      1.0,
      1.25,
      0.0,
      1.0,
      1.0,
      0.688,
      0.688,
      1.0,
      -1.1675,
      -3.6475,
      -3.605,
      -1.735,
      -9.998,
      -0.8137,
      -2.93
    ],
    [
      1.35,
      1.0,
      1.0,
      0.0,
      0.55,
      1.168,
      0.688,
      1.0,
      -1.688,
      -3.5655,
      -2.715,
      -3.87,
      -4.2163,
      -2.0375,
      -1.105
    ],
    [
      1.6,
      1.0,
      1.0,
      0.55,
      0.0,
      -0.72,
      -0.17,
      0.985,
      -0.085,
      0.25,
      -2.75,
      -1.47,
      -2.125,
      -2.1725,
      -2.595
    ],
    [
      1.268,
      0.688,
      0.688,
      1.168,
      -0.72,
      0.0,
      1.5,
      -1.405,
      0.53,
      -5.36,
      -2.875,
      -1.4225,
      -7.18,
      -2.1875,
      -1.017
    ],
    [
      0.6018,
      0.688,
      0.688,
      0.688,
      -0.17,
      1.5,
      0.0,
      -1.515,
      0.82,
      -1.952,
      -3.055,
      -1.41,
      -3.232,
      -5.628,
      -0.667
    ],
    [
      1.0137,
      1.0,
      1.0,
      1.0,
      0.985,
      -1.405,
      -1.515,
      0.0,
      0.985,
      -0.8775,
      -1.925,
      -0.22,
      -2.72,
      -0.0925,
      0.715
    ],
    [
      0.94,
      1.0,
      -1.1675,
      -1.688,
      -0.085,
      0.53,
      0.82,
      0.985,
      0.0,
      -0.6675,
      -3.69,
      -1.8525,
      -2.72,
      -1.9725,
      -0.35
    ],
    [
      -6.836,
      -1.175,
      -3.6475,
      -3.5655,
      0.25,
      -5.36,
      -1.952,
      -0.8775,
      -0.6675,
      0.0,
      1.0,
      1.075,
      1.5,
      0.815,
      1.1
    ],
    [
      -2.29,
      -3.41,
      -3.605,
      -2.715,
      -2.75,
      -2.875,
      -3.055,
      -1.925,
      -3.69,
      1.0,
      0.0,
      1.25,
      1.0,
      1.37,
      0.625
    ],
    [
      -0.735,
      -0.7913,
      -1.735,
      -3.87,
      -1.47,
      -1.4225,
      -1.41,
      -0.22,
      -1.8525,
      1.075,
      1.25,
      0.0,
      1.1,
      1.5,
      -0.39
    ],
    [
      -2.11,
      -2.2,
      -9.998,
      -4.2163,
      -2.125,
      -7.18,
      -3.232,
      -2.72,
      -2.72,
      1.5,
      1.0,
      1.1,
      0.0,
      0.55,
      0.25
    ],
    [
      -0.575,
      -4.393,
      -0.8137,
      -2.0375,
      -2.1725,
      -2.1875,
      -5.628,
      -0.0925,
      -1.9725,
      0.815,
      1.37,
      1.5,
      0.55,
      0.0,
      -0.95
    ],
    [
      -2.81,
      2.535,
      -2.93,
      -1.105,
      -2.595,
      -1.017,
      -0.667,
      0.715,
      -0.35,
      1.1,
      0.625,
      -0.39,
      0.25,
      -0.95,
      0.0
    ]
  ],
  "vote_matrix_ordered": [
    [
      0.0,
      0.75,
      0.75,
      1.0,
      0.5,
      0.75,
      0.75,
      0.75,
      0.5,
      0.0,
      0.0,
      0.0,
      0.0,
      0.0,
      0.0
    ],
    [
      0.75,
      0.0,
      0.8,
      0.8,
      0.4,
      0.8,
      0.75,
      0.8,
      0.4,
      0.0,
      0.0,
      0.0,
      0.0,
      0.0,
      0.0
    ],
    [
      0.75,
      0.8,
      0.0,
      0.8,
      0.4,
      0.8,
      0.75,
      0.8,
      0.4,
      0.0,
      0.0,
      0.0,
      0.0,
      0.0,
      0.0
    ],
    [
      1.0,
      0.8,
      0.8,
      0.0,
      0.4,
      0.8,
      0.75,
      0.8,
      0.4,
      0.0,
      0.0,
      0.0,
      0.0,
      0.0,
      0.0
    ],
    [
      0.5,
      0.4,
      0.4,
      0.4,
      0.0,
      0.6,
      0.75,
      0.6,
      0.6,
      0.5,
      0.0,
      0.0,
      0.0,
      0.25,
      0.2
    ],
    [
      0.75,
      0.8,
      0.8,
      0.8,
      0.6,
      0.0,
      1.0,
      1.0,
      0.6,
      0.5,
      0.0,
      0.0,
      0.0,
      0.25,
      0.2
    ],
    [
      0.75,
      0.75,
      0.75,
      0.75,
      0.75,
      1.0,
      0.0,
      1.0,
      0.75,
      0.5,
      0.0,
      0.0,
      0.0,
      0.3333,
      0.25
    ],
    [
      0.75,
      0.8,
      0.8,
      0.8,
      0.6,
      1.0,
      1.0,
      0.0,
      0.6,
      0.5,
      0.0,
      0.0,
      0.0,
      0.25,
      0.2
    ],
    [
      0.5,
      0.4,
      0.4,
      0.4,
      0.6,
      0.6,
      0.75,
      0.6,
      0.0,
      1.0,
      0.2,
      0.4,
      0.3333,
      0.5,
      0.4
    ],
    [
      0.0,
      0.0,
      0.0,
      0.0,
      0.5,
      0.5,
      0.5,
      0.5,
      1.0,
      0.0,
      0.5,
      0.5,
      1.0,
      1.0,
      1.0
    ],
    [
      0.0,
      0.0,
      0.0,
      0.0,
      0.0,
      0.0,
      0.0,
      0.0,
      0.2,
      0.5,
      0.0,
      0.6,
      0.6667,
      0.5,
      0.4
    ],
    [
      0.0,
      0.0,
      0.0,
      0.0,
      0.0,
      0.0,
      0.0,
      0.0,
      0.4,
      0.5,
      0.6,
      0.0,
      0.6667,
      0.75,
      0.4
    ],
    [
      0.0,
      0.0,
      0.0,
      0.0,
      0.0,
      0.0,
      0.0,
      0.0,
      0.3333,
      1.0,
      0.6667,
      0.6667,
      0.0,
      0.5,
      0.6667
    ],
    [
      0.0,
      0.0,
      0.0,
      0.0,
      0.25,
      0.25,
      0.3333,
      0.25,
      0.5,
      1.0,
      0.5,
      0.75,
      0.5,
      0.0,
      0.5
    ],
    [
      0.0,
      0.0,
      0.0,
      0.0,
      0.2,
      0.2,
      0.25,
      0.2,
      0.4,
      1.0,
      0.4,
      0.4,
      0.6667,
      0.5,
      0.0
    ]
  ]
}