{
  "_metadata": {
    "generated_at": "2026-03-11T05:38:48.378783+00:00",
    "date": "2026-03-10",
    "week": 8,
    "reference_date": "2026-03-10",
    "n_active": 13,
    "n_clusters": 2,
    "n_paredoes": 8,
    "n_contradictions": 33,
    "n_tensions": 1,
    "silhouette_coefficient": 0.4155,
    "resolution_used": 0.5,
    "best_cohesion": {
      "label": 2,
      "name": "Aliança Grupo Misto",
      "score": 1.6592
    },
    "worst_rivalry": {
      "key": "1<>2",
      "score": -4.5727,
      "text": "Frente Grupo Misto vs Aliança Grupo Misto"
    }
  },
  "active_names": [
    "Alberto Cowboy",
    "Ana Paula Renault",
    "Breno",
    "Chaiany",
    "Gabriela",
    "Jonas Sulzbach",
    "Jordana",
    "Juliano Floss",
    "Leandro",
    "Marciele",
    "Milena",
    "Samira",
    "Solange Couto"
  ],
  "cluster_order": [
    "Chaiany",
    "Breno",
    "Juliano Floss",
    "Leandro",
    "Samira",
    "Ana Paula Renault",
    "Milena",
    "Solange Couto",
    "Gabriela",
    "Alberto Cowboy",
    "Jonas Sulzbach",
    "Marciele",
    "Jordana"
  ],
  "communities": [
    {
      "label": 1,
      "name": "Frente Grupo Misto",
      "color": "#e74c3c",
      "members": [
        "Ana Paula Renault",
        "Breno",
        "Chaiany",
        "Gabriela",
        "Juliano Floss",
        "Leandro",
        "Milena",
        "Samira",
        "Solange Couto"
      ],
      "group_composition": {
        "Pipoca": 6,
        "Camarote": 2,
        "Veterano": 1
      },
      "cohesion": -0.3806,
      "best_external": {
        "label": 2,
        "name": "Aliança Grupo Misto",
        "score": -4.5727
      },
      "worst_external": {
        "label": 2,
        "name": "Aliança Grupo Misto",
        "score": -4.5727
      }
    },
    {
      "label": 2,
      "name": "Aliança Grupo Misto",
      "color": "#3498db",
      "members": [
        "Alberto Cowboy",
        "Jonas Sulzbach",
        "Jordana",
        "Marciele"
      ],
      "group_composition": {
        "Veterano": 2,
        "Pipoca": 2
      },
      "cohesion": 1.6592,
      "best_external": {
        "label": 1,
        "name": "Frente Grupo Misto",
        "score": -4.5727
      },
      "worst_external": {
        "label": 1,
        "name": "Frente Grupo Misto",
        "score": -4.5727
      }
    }
  ],
  "inter_cluster": [
    {
      "cluster_a": 1,
      "cluster_b": 2,
      "name_a": "Frente Grupo Misto",
      "name_b": "Aliança Grupo Misto",
      "score_sym": -4.5727,
      "score_a_to_b": -4.9269,
      "score_b_to_a": -4.2184,
      "vote_alignment": 0.1614
    }
  ],
  "polarization": [
    {
      "name": "Alberto Cowboy",
      "grupo": "Veterano",
      "cluster": 2,
      "avg_received": -4.2898,
      "std_received": 4.7642,
      "contradictions": 2,
      "pos_received": 4.95,
      "top_love": [
        {
          "name": "Jonas Sulzbach",
          "score": 2.35
        },
        {
          "name": "Jordana",
          "score": 1.3
        },
        {
          "name": "Marciele",
          "score": 1.3
        }
      ],
      "top_hate": [
        {
          "name": "Leandro",
          "score": -12.08
        },
        {
          "name": "Milena",
          "score": -10.57
        },
        {
          "name": "Breno",
          "score": -9.88
        }
      ]
    },
    {
      "name": "Ana Paula Renault",
      "grupo": "Veterano",
      "cluster": 1,
      "avg_received": -1.1778,
      "std_received": 2.3164,
      "contradictions": 0,
      "pos_received": 6.606,
      "top_love": [
        {
          "name": "Milena",
          "score": 3.31
        },
        {
          "name": "Samira",
          "score": 1.94
        },
        {
          "name": "Juliano Floss",
          "score": 1.36
        }
      ],
      "top_hate": [
        {
          "name": "Alberto Cowboy",
          "score": -5.68
        },
        {
          "name": "Jonas Sulzbach",
          "score": -3.39
        },
        {
          "name": "Marciele",
          "score": -2.28
        }
      ]
    },
    {
      "name": "Breno",
      "grupo": "Pipoca",
      "cluster": 1,
      "avg_received": -1.938,
      "std_received": 3.2571,
      "contradictions": 2,
      "pos_received": 5.44,
      "top_love": [
        {
          "name": "Samira",
          "score": 1.29
        },
        {
          "name": "Leandro",
          "score": 1.1
        },
        {
          "name": "Solange Couto",
          "score": 1.05
        }
      ],
      "top_hate": [
        {
          "name": "Alberto Cowboy",
          "score": -7.84
        },
        {
          "name": "Jordana",
          "score": -7.81
        },
        {
          "name": "Marciele",
          "score": -4.92
        }
      ]
    },
    {
      "name": "Chaiany",
      "grupo": "Pipoca",
      "cluster": 1,
      "avg_received": -0.6644,
      "std_received": 2.8941,
      "contradictions": 4,
      "pos_received": 10.1,
      "top_love": [
        {
          "name": "Gabriela",
          "score": 3.31
        },
        {
          "name": "Leandro",
          "score": 2.0
        },
        {
          "name": "Breno",
          "score": 1.5
        }
      ],
      "top_hate": [
        {
          "name": "Jordana",
          "score": -7.16
        },
        {
          "name": "Alberto Cowboy",
          "score": -4.86
        },
        {
          "name": "Milena",
          "score": -2.19
        }
      ]
    },
    {
      "name": "Gabriela",
      "grupo": "Pipoca",
      "cluster": 1,
      "avg_received": -1.02,
      "std_received": 2.039,
      "contradictions": 6,
      "pos_received": 5.76,
      "top_love": [
        {
          "name": "Chaiany",
          "score": 3.31
        },
        {
          "name": "Jordana",
          "score": 1.1
        },
        {
          "name": "Alberto Cowboy",
          "score": 0.95
        }
      ],
      "top_hate": [
        {
          "name": "Leandro",
          "score": -3.9
        },
        {
          "name": "Solange Couto",
          "score": -3.8
        },
        {
          "name": "Milena",
          "score": -2.58
        }
      ]
    },
    {
      "name": "Jonas Sulzbach",
      "grupo": "Veterano",
      "cluster": 2,
      "avg_received": -2.3781,
      "std_received": 3.7746,
      "contradictions": 0,
      "pos_received": 5.91,
      "top_love": [
        {
          "name": "Alberto Cowboy",
          "score": 3.01
        },
        {
          "name": "Jordana",
          "score": 1.2
        },
        {
          "name": "Marciele",
          "score": 1.2
        }
      ],
      "top_hate": [
        {
          "name": "Milena",
          "score": -10.53
        },
        {
          "name": "Juliano Floss",
          "score": -6.9
        },
        {
          "name": "Leandro",
          "score": -5.96
        }
      ]
    },
    {
      "name": "Jordana",
      "grupo": "Pipoca",
      "cluster": 2,
      "avg_received": -4.1968,
      "std_received": 4.5806,
      "contradictions": 6,
      "pos_received": 5.6,
      "top_love": [
        {
          "name": "Alberto Cowboy",
          "score": 1.65
        },
        {
          "name": "Marciele",
          "score": 1.5
        },
        {
          "name": "Gabriela",
          "score": 1.25
        }
      ],
      "top_hate": [
        {
          "name": "Chaiany",
          "score": -11.56
        },
        {
          "name": "Breno",
          "score": -10.24
        },
        {
          "name": "Samira",
          "score": -8.05
        }
      ]
    },
    {
      "name": "Juliano Floss",
      "grupo": "Camarote",
      "cluster": 1,
      "avg_received": -2.1395,
      "std_received": 3.8396,
      "contradictions": 0,
      "pos_received": 6.63,
      "top_love": [
        {
          "name": "Breno",
          "score": 1.34
        },
        {
          "name": "Leandro",
          "score": 1.3
        },
        {
          "name": "Chaiany",
          "score": 1.1
        }
      ],
      "top_hate": [
        {
          "name": "Marciele",
          "score": -9.2
        },
        {
          "name": "Gabriela",
          "score": -7.71
        },
        {
          "name": "Alberto Cowboy",
          "score": -6.92
        }
      ]
    },
    {
      "name": "Leandro",
      "grupo": "Pipoca",
      "cluster": 1,
      "avg_received": -2.1683,
      "std_received": 3.3421,
      "contradictions": 0,
      "pos_received": 4.9,
      "top_love": [
        {
          "name": "Solange Couto",
          "score": 1.3
        },
        {
          "name": "Breno",
          "score": 1.2
        },
        {
          "name": "Chaiany",
          "score": 1.2
        }
      ],
      "top_hate": [
        {
          "name": "Alberto Cowboy",
          "score": -10.54
        },
        {
          "name": "Gabriela",
          "score": -4.59
        },
        {
          "name": "Jordana",
          "score": -4.38
        }
      ]
    },
    {
      "name": "Marciele",
      "grupo": "Pipoca",
      "cluster": 2,
      "avg_received": -2.2567,
      "std_received": 3.1626,
      "contradictions": 2,
      "pos_received": 5.9,
      "top_love": [
        {
          "name": "Jordana",
          "score": 2.0
        },
        {
          "name": "Jonas Sulzbach",
          "score": 1.65
        },
        {
          "name": "Alberto Cowboy",
          "score": 1.55
        }
      ],
      "top_hate": [
        {
          "name": "Juliano Floss",
          "score": -8.56
        },
        {
          "name": "Breno",
          "score": -4.92
        },
        {
          "name": "Ana Paula Renault",
          "score": -4.7
        }
      ]
    },
    {
      "name": "Milena",
      "grupo": "Pipoca",
      "cluster": 1,
      "avg_received": -2.7503,
      "std_received": 4.8258,
      "contradictions": 0,
      "pos_received": 6.886,
      "top_love": [
        {
          "name": "Ana Paula Renault",
          "score": 2.2
        },
        {
          "name": "Juliano Floss",
          "score": 2.12
        },
        {
          "name": "Samira",
          "score": 1.92
        }
      ],
      "top_hate": [
        {
          "name": "Alberto Cowboy",
          "score": -12.88
        },
        {
          "name": "Jonas Sulzbach",
          "score": -11.95
        },
        {
          "name": "Solange Couto",
          "score": -4.39
        }
      ]
    },
    {
      "name": "Samira",
      "grupo": "Pipoca",
      "cluster": 1,
      "avg_received": -1.8163,
      "std_received": 2.3486,
      "contradictions": 2,
      "pos_received": 2.96,
      "top_love": [
        {
          "name": "Breno",
          "score": 1.49
        },
        {
          "name": "Ana Paula Renault",
          "score": 0.78
        },
        {
          "name": "Milena",
          "score": 0.69
        }
      ],
      "top_hate": [
        {
          "name": "Jordana",
          "score": -6.32
        },
        {
          "name": "Marciele",
          "score": -4.96
        },
        {
          "name": "Solange Couto",
          "score": -3.6
        }
      ]
    },
    {
      "name": "Solange Couto",
      "grupo": "Camarote",
      "cluster": 1,
      "avg_received": -1.2642,
      "std_received": 2.2341,
      "contradictions": 10,
      "pos_received": 5.37,
      "top_love": [
        {
          "name": "Chaiany",
          "score": 1.45
        },
        {
          "name": "Leandro",
          "score": 1.2
        },
        {
          "name": "Breno",
          "score": 1.0
        }
      ],
      "top_hate": [
        {
          "name": "Jordana",
          "score": -5.37
        },
        {
          "name": "Marciele",
          "score": -4.57
        },
        {
          "name": "Ana Paula Renault",
          "score": -2.42
        }
      ]
    }
  ],
  "score_matrix_ordered": [
    [
      0.0,
      1.25,
      0.995,
      1.6,
      0.45,
      -1.3795,
      -2.067,
      1.475,
      3.31,
      -3.085,
      -1.7125,
      -2.5013,
      -9.358
    ],
    [
      1.25,
      0.0,
      1.17,
      1.15,
      1.39,
      -1.795,
      -0.515,
      1.025,
      -1.005,
      -8.858,
      -2.64,
      -4.92,
      -9.023
    ],
    [
      0.995,
      1.17,
      0.0,
      1.25,
      -1.773,
      1.088,
      1.543,
      0.94,
      -4.7125,
      -6.6963,
      -5.948,
      -8.88,
      -2.5725
    ],
    [
      1.6,
      1.15,
      1.25,
      0.0,
      -1.625,
      -1.112,
      -0.682,
      1.25,
      -4.245,
      -11.308,
      -4.98,
      -3.41,
      -5.49
    ],
    [
      0.45,
      1.39,
      -1.773,
      -1.625,
      0.0,
      1.36,
      1.305,
      -3.0075,
      -1.44,
      -4.44,
      -2.2475,
      -4.72,
      -7.183
    ],
    [
      -1.3795,
      -1.795,
      1.088,
      -1.112,
      1.36,
      0.0,
      2.755,
      -2.2475,
      -2.0445,
      -6.372,
      -3.787,
      -3.49,
      -2.6725
    ],
    [
      -2.067,
      -0.515,
      1.543,
      -0.682,
      1.305,
      2.755,
      0.0,
      -3.39,
      -3.062,
      -11.728,
      -11.243,
      -1.51,
      -5.38
    ],
    [
      1.475,
      1.025,
      0.94,
      1.25,
      -3.0075,
      -2.2475,
      -3.39,
      0.0,
      -2.905,
      -1.83,
      0.72,
      -2.95,
      -5.235
    ],
    [
      3.31,
      -1.005,
      -4.7125,
      -4.245,
      -1.44,
      -2.0445,
      -3.062,
      -2.905,
      0.0,
      -0.245,
      0.095,
      -0.19,
      1.175
    ],
    [
      -3.085,
      -8.858,
      -6.6963,
      -11.308,
      -4.44,
      -6.372,
      -11.728,
      -1.83,
      -0.245,
      0.0,
      2.68,
      1.425,
      1.475
    ],
    [
      -1.7125,
      -2.64,
      -5.948,
      -4.98,
      -2.2475,
      -3.787,
      -11.243,
      0.72,
      0.095,
      2.68,
      0.0,
      1.425,
      1.2
    ],
    [
      -2.5013,
      -4.92,
      -8.88,
      -3.41,
      -4.72,
      -3.49,
      -1.51,
      -2.95,
      -0.19,
      1.425,
      1.425,
      0.0,
      1.75
    ],
    [
      -9.358,
      -9.023,
      -2.5725,
      -5.49,
      -7.183,
      -2.6725,
      -5.38,
      -5.235,
      1.175,
      1.475,
      1.2,
      1.75,
      0.0
    ]
  ],
  "vote_matrix_ordered": [
    [
      0.0,
      0.75,
      0.625,
      0.75,
      0.2857,
      0.4286,
      0.625,
      0.5,
      0.0,
      0.0,
      0.0,
      0.0,
      0.0
    ],
    [
      0.75,
      0.0,
      0.75,
      0.875,
      0.5714,
      0.7143,
      0.875,
      0.75,
      0.125,
      0.0,
      0.3333,
      0.0,
      0.0
    ],
    [
      0.625,
      0.75,
      0.0,
      0.75,
      0.5714,
      0.7143,
      0.625,
      0.5,
      0.0,
      0.0,
      0.0,
      0.0,
      0.0
    ],
    [
      0.75,
      0.875,
      0.75,
      0.0,
      0.4286,
      0.5714,
      0.75,
      0.625,
      0.0,
      0.0,
      0.0,
      0.0,
      0.0
    ],
    [
      0.2857,
      0.5714,
      0.5714,
      0.4286,
      0.0,
      0.8333,
      0.5714,
      0.5714,
      0.2857,
      0.25,
      1.0,
      0.2857,
      0.1429
    ],
    [
      0.4286,
      0.7143,
      0.7143,
      0.5714,
      0.8333,
      0.0,
      0.8571,
      0.5714,
      0.1429,
      0.0,
      0.3333,
      0.0,
      0.0
    ],
    [
      0.625,
      0.875,
      0.625,
      0.75,
      0.5714,
      0.8571,
      0.0,
      0.625,
      0.125,
      0.0,
      0.3333,
      0.0,
      0.0
    ],
    [
      0.5,
      0.75,
      0.5,
      0.625,
      0.5714,
      0.5714,
      0.625,
      0.0,
      0.125,
      0.0,
      0.3333,
      0.0,
      0.0
    ],
    [
      0.0,
      0.125,
      0.0,
      0.0,
      0.2857,
      0.1429,
      0.125,
      0.125,
      0.0,
      0.8,
      1.0,
      0.5,
      0.5
    ],
    [
      0.0,
      0.0,
      0.0,
      0.0,
      0.25,
      0.0,
      0.0,
      0.0,
      0.8,
      0.0,
      1.0,
      0.8,
      0.8
    ],
    [
      0.0,
      0.3333,
      0.0,
      0.0,
      1.0,
      0.3333,
      0.3333,
      0.3333,
      1.0,
      1.0,
      0.0,
      0.6667,
      0.6667
    ],
    [
      0.0,
      0.0,
      0.0,
      0.0,
      0.2857,
      0.0,
      0.0,
      0.0,
      0.5,
      0.8,
      0.6667,
      0.0,
      0.75
    ],
    [
      0.0,
      0.0,
      0.0,
      0.0,
      0.1429,
      0.0,
      0.0,
      0.0,
      0.5,
      0.8,
      0.6667,
      0.75,
      0.0
    ]
  ]
}