{
  "_metadata": {
    "generated_at": "2026-02-25T01:29:43.905411+00:00",
    "date": "2026-02-24",
    "week": 7,
    "reference_date": "2026-02-24",
    "n_active": 15,
    "n_clusters": 2,
    "n_paredoes": 5,
    "n_contradictions": 27,
    "n_tensions": 1,
    "silhouette_coefficient": 0.4274,
    "resolution_used": 0.5,
    "best_cohesion": {
      "label": 2,
      "name": "Aliança Grupo Misto",
      "score": 1.541
    },
    "worst_rivalry": {
      "key": "1<>2",
      "score": -3.0815,
      "text": "Grupo Misto vs Aliança Grupo Misto"
    }
  },
  "active_names": [
    "Alberto Cowboy",
    "Ana Paula Renault",
    "Babu Santana",
    "Breno",
    "Chaiany",
    "Gabriela",
    "Jonas Sulzbach",
    "Jordana",
    "Juliano Floss",
    "Leandro",
    "Marciele",
    "Maxiane",
    "Milena",
    "Samira",
    "Solange Couto"
  ],
  "cluster_order": [
    "Chaiany",
    "Breno",
    "Babu Santana",
    "Juliano Floss",
    "Leandro",
    "Milena",
    "Solange Couto",
    "Ana Paula Renault",
    "Samira",
    "Gabriela",
    "Marciele",
    "Jordana",
    "Maxiane",
    "Jonas Sulzbach",
    "Alberto Cowboy"
  ],
  "communities": [
    {
      "label": 1,
      "name": "Grupo Misto",
      "color": "#e74c3c",
      "members": [
        "Ana Paula Renault",
        "Babu Santana",
        "Breno",
        "Chaiany",
        "Gabriela",
        "Juliano Floss",
        "Leandro",
        "Milena",
        "Samira",
        "Solange Couto"
      ],
      "group_composition": {
        "Pipoca": 6,
        "Veterano": 2,
        "Camarote": 2
      },
      "cohesion": 0.207,
      "best_external": {
        "label": 2,
        "name": "Aliança Grupo Misto",
        "score": -3.0815
      },
      "worst_external": {
        "label": 2,
        "name": "Aliança Grupo Misto",
        "score": -3.0815
      }
    },
    {
      "label": 2,
      "name": "Aliança Grupo Misto",
      "color": "#3498db",
      "members": [
        "Alberto Cowboy",
        "Jonas Sulzbach",
        "Jordana",
        "Marciele",
        "Maxiane"
      ],
      "group_composition": {
        "Pipoca": 3,
        "Veterano": 2
      },
      "cohesion": 1.541,
      "best_external": {
        "label": 1,
        "name": "Grupo Misto",
        "score": -3.0815
      },
      "worst_external": {
        "label": 1,
        "name": "Grupo Misto",
        "score": -3.0815
      }
    }
  ],
  "inter_cluster": [
    {
      "cluster_a": 1,
      "cluster_b": 2,
      "name_a": "Grupo Misto",
      "name_b": "Aliança Grupo Misto",
      "score_sym": -3.0815,
      "score_a_to_b": -3.1733,
      "score_b_to_a": -2.9897,
      "vote_alignment": 0.1697
    }
  ],
  "polarization": [
    {
      "name": "Alberto Cowboy",
      "grupo": "Veterano",
      "cluster": 2,
      "avg_received": -3.1141,
      "std_received": 3.847,
      "contradictions": 1,
      "pos_received": 5.95,
      "top_love": [
        {
          "name": "Jonas Sulzbach",
          "score": 2.35
        },
        {
          "name": "Jordana",
          "score": 1.3
        },
        {
          "name": "Marciele",
          "score": 1.3
        }
      ],
      "top_hate": [
        {
          "name": "Leandro",
          "score": -11.28
        },
        {
          "name": "Milena",
          "score": -7.76
        },
        {
          "name": "Ana Paula Renault",
          "score": -5.94
        }
      ]
    },
    {
      "name": "Ana Paula Renault",
      "grupo": "Veterano",
      "cluster": 1,
      "avg_received": -1.0834,
      "std_received": 2.4463,
      "contradictions": 0,
      "pos_received": 6.162,
      "top_love": [
        {
          "name": "Milena",
          "score": 2.2
        },
        {
          "name": "Samira",
          "score": 1.8
        },
        {
          "name": "Juliano Floss",
          "score": 1.36
        }
      ],
      "top_hate": [
        {
          "name": "Maxiane",
          "score": -7.78
        },
        {
          "name": "Alberto Cowboy",
          "score": -3.12
        },
        {
          "name": "Jonas Sulzbach",
          "score": -2.54
        }
      ]
    },
    {
      "name": "Babu Santana",
      "grupo": "Veterano",
      "cluster": 1,
      "avg_received": -0.5463,
      "std_received": 2.6778,
      "contradictions": 0,
      "pos_received": 9.17,
      "top_love": [
        {
          "name": "Juliano Floss",
          "score": 2.2
        },
        {
          "name": "Solange Couto",
          "score": 2.2
        },
        {
          "name": "Leandro",
          "score": 1.7
        }
      ],
      "top_hate": [
        {
          "name": "Jonas Sulzbach",
          "score": -7.51
        },
        {
          "name": "Gabriela",
          "score": -4.98
        },
        {
          "name": "Jordana",
          "score": -2.47
        }
      ]
    },
    {
      "name": "Breno",
      "grupo": "Pipoca",
      "cluster": 1,
      "avg_received": -0.108,
      "std_received": 1.3276,
      "contradictions": 1,
      "pos_received": 8.0775,
      "top_love": [
        {
          "name": "Samira",
          "score": 1.3
        },
        {
          "name": "Babu Santana",
          "score": 1.28
        },
        {
          "name": "Gabriela",
          "score": 1.2
        }
      ],
      "top_hate": [
        {
          "name": "Alberto Cowboy",
          "score": -2.14
        },
        {
          "name": "Milena",
          "score": -1.86
        },
        {
          "name": "Marciele",
          "score": -1.77
        }
      ]
    },
    {
      "name": "Chaiany",
      "grupo": "Pipoca",
      "cluster": 1,
      "avg_received": -0.2795,
      "std_received": 2.2329,
      "contradictions": 4,
      "pos_received": 11.61,
      "top_love": [
        {
          "name": "Gabriela",
          "score": 3.31
        },
        {
          "name": "Leandro",
          "score": 2.0
        },
        {
          "name": "Breno",
          "score": 1.5
        }
      ],
      "top_hate": [
        {
          "name": "Alberto Cowboy",
          "score": -4.4
        },
        {
          "name": "Maxiane",
          "score": -3.87
        },
        {
          "name": "Jordana",
          "score": -2.54
        }
      ]
    },
    {
      "name": "Gabriela",
      "grupo": "Pipoca",
      "cluster": 1,
      "avg_received": -1.0061,
      "std_received": 1.9595,
      "contradictions": 6,
      "pos_received": 5.33,
      "top_love": [
        {
          "name": "Chaiany",
          "score": 3.16
        },
        {
          "name": "Jonas Sulzbach",
          "score": 1.3
        },
        {
          "name": "Breno",
          "score": 0.64
        }
      ],
      "top_hate": [
        {
          "name": "Solange Couto",
          "score": -4.04
        },
        {
          "name": "Babu Santana",
          "score": -3.85
        },
        {
          "name": "Leandro",
          "score": -3.1
        }
      ]
    },
    {
      "name": "Jonas Sulzbach",
      "grupo": "Veterano",
      "cluster": 2,
      "avg_received": -1.9405,
      "std_received": 3.2792,
      "contradictions": 0,
      "pos_received": 6.9,
      "top_love": [
        {
          "name": "Alberto Cowboy",
          "score": 2.05
        },
        {
          "name": "Gabriela",
          "score": 1.2
        },
        {
          "name": "Jordana",
          "score": 1.2
        }
      ],
      "top_hate": [
        {
          "name": "Babu Santana",
          "score": -8.78
        },
        {
          "name": "Milena",
          "score": -5.96
        },
        {
          "name": "Juliano Floss",
          "score": -5.64
        }
      ]
    },
    {
      "name": "Jordana",
      "grupo": "Pipoca",
      "cluster": 2,
      "avg_received": -2.4064,
      "std_received": 2.8754,
      "contradictions": 2,
      "pos_received": 6.76,
      "top_love": [
        {
          "name": "Maxiane",
          "score": 1.88
        },
        {
          "name": "Alberto Cowboy",
          "score": 1.5
        },
        {
          "name": "Marciele",
          "score": 1.5
        }
      ],
      "top_hate": [
        {
          "name": "Chaiany",
          "score": -5.48
        },
        {
          "name": "Babu Santana",
          "score": -5.19
        },
        {
          "name": "Milena",
          "score": -5.04
        }
      ]
    },
    {
      "name": "Juliano Floss",
      "grupo": "Camarote",
      "cluster": 1,
      "avg_received": -1.5303,
      "std_received": 2.8566,
      "contradictions": 2,
      "pos_received": 6.54,
      "top_love": [
        {
          "name": "Babu Santana",
          "score": 1.4
        },
        {
          "name": "Leandro",
          "score": 1.3
        },
        {
          "name": "Breno",
          "score": 1.1
        }
      ],
      "top_hate": [
        {
          "name": "Marciele",
          "score": -7.76
        },
        {
          "name": "Alberto Cowboy",
          "score": -5.71
        },
        {
          "name": "Jonas Sulzbach",
          "score": -3.85
        }
      ]
    },
    {
      "name": "Leandro",
      "grupo": "Pipoca",
      "cluster": 1,
      "avg_received": -1.4645,
      "std_received": 3.2506,
      "contradictions": 0,
      "pos_received": 7.84,
      "top_love": [
        {
          "name": "Babu Santana",
          "score": 1.5
        },
        {
          "name": "Solange Couto",
          "score": 1.3
        },
        {
          "name": "Breno",
          "score": 1.2
        }
      ],
      "top_hate": [
        {
          "name": "Alberto Cowboy",
          "score": -10.22
        },
        {
          "name": "Jordana",
          "score": -4.35
        },
        {
          "name": "Gabriela",
          "score": -4.22
        }
      ]
    },
    {
      "name": "Marciele",
      "grupo": "Pipoca",
      "cluster": 2,
      "avg_received": -0.4679,
      "std_received": 1.6936,
      "contradictions": 1,
      "pos_received": 7.95,
      "top_love": [
        {
          "name": "Maxiane",
          "score": 2.2
        },
        {
          "name": "Jordana",
          "score": 2.0
        },
        {
          "name": "Jonas Sulzbach",
          "score": 1.65
        }
      ],
      "top_hate": [
        {
          "name": "Ana Paula Renault",
          "score": -3.17
        },
        {
          "name": "Juliano Floss",
          "score": -2.6
        },
        {
          "name": "Samira",
          "score": -2.16
        }
      ]
    },
    {
      "name": "Maxiane",
      "grupo": "Pipoca",
      "cluster": 2,
      "avg_received": -1.2029,
      "std_received": 2.5684,
      "contradictions": 2,
      "pos_received": 7.13,
      "top_love": [
        {
          "name": "Marciele",
          "score": 2.2
        },
        {
          "name": "Jordana",
          "score": 2.06
        },
        {
          "name": "Jonas Sulzbach",
          "score": 1.17
        }
      ],
      "top_hate": [
        {
          "name": "Chaiany",
          "score": -6.61
        },
        {
          "name": "Ana Paula Renault",
          "score": -6.11
        },
        {
          "name": "Milena",
          "score": -2.21
        }
      ]
    },
    {
      "name": "Milena",
      "grupo": "Pipoca",
      "cluster": 1,
      "avg_received": -1.5284,
      "std_received": 3.3383,
      "contradictions": 1,
      "pos_received": 8.908,
      "top_love": [
        {
          "name": "Ana Paula Renault",
          "score": 2.2
        },
        {
          "name": "Juliano Floss",
          "score": 2.12
        },
        {
          "name": "Babu Santana",
          "score": 2.02
        }
      ],
      "top_hate": [
        {
          "name": "Alberto Cowboy",
          "score": -9.2
        },
        {
          "name": "Jonas Sulzbach",
          "score": -7.34
        },
        {
          "name": "Maxiane",
          "score": -3.58
        }
      ]
    },
    {
      "name": "Samira",
      "grupo": "Pipoca",
      "cluster": 1,
      "avg_received": -1.1714,
      "std_received": 1.9993,
      "contradictions": 2,
      "pos_received": 3.73,
      "top_love": [
        {
          "name": "Breno",
          "score": 1.7
        },
        {
          "name": "Ana Paula Renault",
          "score": 0.84
        },
        {
          "name": "Milena",
          "score": 0.54
        }
      ],
      "top_hate": [
        {
          "name": "Maxiane",
          "score": -4.43
        },
        {
          "name": "Marciele",
          "score": -4.16
        },
        {
          "name": "Jordana",
          "score": -3.98
        }
      ]
    },
    {
      "name": "Solange Couto",
      "grupo": "Camarote",
      "cluster": 1,
      "avg_received": -0.6289,
      "std_received": 2.0908,
      "contradictions": 4,
      "pos_received": 7.98,
      "top_love": [
        {
          "name": "Babu Santana",
          "score": 2.4
        },
        {
          "name": "Chaiany",
          "score": 1.3
        },
        {
          "name": "Leandro",
          "score": 1.2
        }
      ],
      "top_hate": [
        {
          "name": "Jordana",
          "score": -4.15
        },
        {
          "name": "Maxiane",
          "score": -3.52
        },
        {
          "name": "Gabriela",
          "score": -3.27
        }
      ]
    }
  ],
  "score_matrix_ordered": [
    [
      0.0,
      1.25,
      1.4,
      1.1,
      1.6,
      -1.207,
      1.4,
      -0.272,
      0.45,
      3.235,
      -1.0312,
      -4.01,
      -5.238,
      -1.61,
      -2.2525
    ],
    [
      1.25,
      0.0,
      1.2138,
      1.05,
      1.15,
      -1.545,
      1.1,
      -1.5025,
      1.5,
      0.92,
      -1.535,
      -2.76,
      -1.0075,
      -1.05,
      -3.58
    ],
    [
      1.4,
      1.2138,
      0.0,
      1.8,
      1.6,
      0.983,
      2.3,
      -0.1432,
      0.4,
      -4.4175,
      -0.665,
      -3.83,
      -0.75,
      -8.1435,
      -2.7925
    ],
    [
      1.1,
      1.05,
      1.8,
      0.0,
      1.25,
      1.468,
      0.3925,
      1.088,
      -1.663,
      -1.825,
      -5.1775,
      -2.835,
      -2.1025,
      -4.743,
      -5.5312
    ],
    [
      1.6,
      1.15,
      1.6,
      1.25,
      0.0,
      0.788,
      1.25,
      0.763,
      -1.6225,
      -3.6625,
      -1.85,
      -4.475,
      -1.0112,
      -4.405,
      -10.748
    ],
    [
      -1.207,
      -1.545,
      0.983,
      1.468,
      0.788,
      0.0,
      -0.67,
      2.2,
      1.13,
      -1.837,
      -1.4575,
      -4.0875,
      -2.8925,
      -6.6475,
      -8.48
    ],
    [
      1.4,
      1.1,
      2.3,
      0.3925,
      1.25,
      -0.67,
      0.0,
      -0.7525,
      -0.09,
      -3.6575,
      -1.6025,
      -4.0825,
      -2.7575,
      0.6,
      -2.6625
    ],
    [
      -0.272,
      -1.5025,
      -0.1432,
      1.088,
      0.763,
      2.2,
      -0.7525,
      0.0,
      1.32,
      -1.5745,
      -2.725,
      -3.35,
      -6.943,
      -3.2395,
      -4.532
    ],
    [
      0.45,
      1.5,
      0.4,
      -1.663,
      -1.6225,
      1.13,
      -0.09,
      1.32,
      0.0,
      -0.345,
      -3.16,
      -4.0,
      -3.295,
      -1.415,
      -4.05
    ],
    [
      3.235,
      0.92,
      -4.4175,
      -1.825,
      -3.6625,
      -1.837,
      -3.6575,
      -1.5745,
      -0.345,
      0.0,
      -0.19,
      0.2825,
      -0.65,
      1.25,
      -0.855
    ],
    [
      -1.0312,
      -1.535,
      -0.665,
      -5.1775,
      -1.85,
      -1.4575,
      -1.6025,
      -2.725,
      -3.16,
      -0.19,
      0.0,
      1.75,
      2.2,
      1.425,
      1.35
    ],
    [
      -4.01,
      -2.76,
      -3.83,
      -2.835,
      -4.475,
      -4.0875,
      -4.0825,
      -3.35,
      -4.0,
      0.2825,
      1.75,
      0.0,
      1.97,
      1.2,
      1.4
    ],
    [
      -5.238,
      -1.0075,
      -0.75,
      -2.1025,
      -1.0112,
      -2.8925,
      -2.7575,
      -6.943,
      -3.295,
      -0.65,
      2.2,
      1.97,
      0.0,
      1.065,
      0.85
    ],
    [
      -1.61,
      -1.05,
      -8.1435,
      -4.743,
      -4.405,
      -6.6475,
      0.6,
      -3.2395,
      -1.415,
      1.25,
      1.425,
      1.2,
      1.065,
      0.0,
      2.2
    ],
    [
      -2.2525,
      -3.58,
      -2.7925,
      -5.5312,
      -10.748,
      -8.48,
      -2.6625,
      -4.532,
      -4.05,
      -0.855,
      1.35,
      1.4,
      0.85,
      2.2,
      0.0
    ]
  ],
  "vote_matrix_ordered": [
    [
      0.0,
      0.8,
      0.75,
      0.8,
      0.8,
      0.8,
      0.4,
      0.75,
      0.4,
      0.0,
      0.0,
      0.0,
      0.0,
      0.0,
      0.0
    ],
    [
      0.8,
      0.0,
      0.75,
      0.8,
      0.8,
      1.0,
      0.6,
      1.0,
      0.6,
      0.2,
      0.0,
      0.0,
      0.25,
      0.5,
      0.0
    ],
    [
      0.75,
      0.75,
      0.0,
      1.0,
      0.75,
      0.75,
      0.5,
      0.75,
      0.5,
      0.0,
      0.0,
      0.0,
      0.0,
      0.0,
      0.0
    ],
    [
      0.8,
      0.8,
      1.0,
      0.0,
      0.8,
      0.8,
      0.4,
      0.75,
      0.4,
      0.0,
      0.0,
      0.0,
      0.0,
      0.0,
      0.0
    ],
    [
      0.8,
      0.8,
      0.75,
      0.8,
      0.0,
      0.8,
      0.4,
      0.75,
      0.4,
      0.0,
      0.0,
      0.0,
      0.0,
      0.0,
      0.0
    ],
    [
      0.8,
      1.0,
      0.75,
      0.8,
      0.8,
      0.0,
      0.6,
      1.0,
      0.6,
      0.2,
      0.0,
      0.0,
      0.25,
      0.5,
      0.0
    ],
    [
      0.4,
      0.6,
      0.5,
      0.4,
      0.4,
      0.6,
      0.0,
      0.75,
      0.6,
      0.2,
      0.0,
      0.0,
      0.25,
      0.5,
      0.0
    ],
    [
      0.75,
      1.0,
      0.75,
      0.75,
      0.75,
      1.0,
      0.75,
      0.0,
      0.75,
      0.25,
      0.0,
      0.0,
      0.3333,
      0.5,
      0.0
    ],
    [
      0.4,
      0.6,
      0.5,
      0.4,
      0.4,
      0.6,
      0.6,
      0.75,
      0.0,
      0.4,
      0.4,
      0.2,
      0.5,
      1.0,
      0.3333
    ],
    [
      0.0,
      0.2,
      0.0,
      0.0,
      0.0,
      0.2,
      0.2,
      0.25,
      0.4,
      0.0,
      0.4,
      0.4,
      0.5,
      1.0,
      0.6667
    ],
    [
      0.0,
      0.0,
      0.0,
      0.0,
      0.0,
      0.0,
      0.0,
      0.0,
      0.4,
      0.4,
      0.0,
      0.6,
      0.75,
      0.5,
      0.6667
    ],
    [
      0.0,
      0.0,
      0.0,
      0.0,
      0.0,
      0.0,
      0.0,
      0.0,
      0.2,
      0.4,
      0.6,
      0.0,
      0.5,
      0.5,
      0.6667
    ],
    [
      0.0,
      0.25,
      0.0,
      0.0,
      0.0,
      0.25,
      0.25,
      0.3333,
      0.5,
      0.5,
      0.75,
      0.5,
      0.0,
      1.0,
      0.5
    ],
    [
      0.0,
      0.5,
      0.0,
      0.0,
      0.0,
      0.5,
      0.5,
      0.5,
      1.0,
      1.0,
      0.5,
      0.5,
      1.0,
      0.0,
      1.0
    ],
    [
      0.0,
      0.0,
      0.0,
      0.0,
      0.0,
      0.0,
      0.0,
      0.0,
      0.3333,
      0.6667,
      0.6667,
      0.6667,
      0.5,
      1.0,
      0.0
    ]
  ]
}