{
  "_metadata": {
    "generated_at": "2026-02-11T01:20:10.779112+00:00",
    "date": "2026-02-10",
    "week": 5,
    "reference_date": "2026-02-10",
    "n_active": 19,
    "n_clusters": 2,
    "n_paredoes": 3,
    "n_contradictions": 24,
    "n_tensions": 1,
    "silhouette_coefficient": 0.336,
    "resolution_used": 0.5,
    "best_cohesion": {
      "label": 1,
      "name": "Grupo Misto",
      "score": 0.6637
    },
    "worst_rivalry": {
      "key": "1<>2",
      "score": -1.5514,
      "text": "Grupo Misto vs Grupo Misto A"
    }
  },
  "active_names": [
    "Alberto Cowboy",
    "Ana Paula Renault",
    "Babu Santana",
    "Breno",
    "Chaiany",
    "Edilson",
    "Gabriela",
    "Jonas Sulzbach",
    "Jordana",
    "Juliano Floss",
    "Leandro",
    "Marcelo",
    "Marciele",
    "Maxiane",
    "Milena",
    "Samira",
    "Sarah Andrade",
    "Sol Vega",
    "Solange Couto"
  ],
  "cluster_order": [
    "Sarah Andrade",
    "Jonas Sulzbach",
    "Alberto Cowboy",
    "Jordana",
    "Maxiane",
    "Marciele",
    "Sol Vega",
    "Gabriela",
    "Edilson",
    "Breno",
    "Babu Santana",
    "Chaiany",
    "Leandro",
    "Solange Couto",
    "Juliano Floss",
    "Ana Paula Renault",
    "Marcelo",
    "Milena",
    "Samira"
  ],
  "communities": [
    {
      "label": 1,
      "name": "Grupo Misto",
      "color": "#e74c3c",
      "members": [
        "Alberto Cowboy",
        "Breno",
        "Edilson",
        "Gabriela",
        "Jonas Sulzbach",
        "Jordana",
        "Marciele",
        "Maxiane",
        "Sarah Andrade",
        "Sol Vega"
      ],
      "group_composition": {
        "Pipoca": 5,
        "Veterano": 4,
        "Camarote": 1
      },
      "cohesion": 0.6637,
      "best_external": {
        "label": 2,
        "name": "Grupo Misto A",
        "score": -1.5514
      },
      "worst_external": {
        "label": 2,
        "name": "Grupo Misto A",
        "score": -1.5514
      }
    },
    {
      "label": 2,
      "name": "Grupo Misto A",
      "color": "#3498db",
      "members": [
        "Ana Paula Renault",
        "Babu Santana",
        "Chaiany",
        "Juliano Floss",
        "Leandro",
        "Marcelo",
        "Milena",
        "Samira",
        "Solange Couto"
      ],
      "group_composition": {
        "Pipoca": 5,
        "Veterano": 2,
        "Camarote": 2
      },
      "cohesion": 0.449,
      "best_external": {
        "label": 1,
        "name": "Grupo Misto",
        "score": -1.5514
      },
      "worst_external": {
        "label": 1,
        "name": "Grupo Misto",
        "score": -1.5514
      }
    }
  ],
  "inter_cluster": [
    {
      "cluster_a": 1,
      "cluster_b": 2,
      "name_a": "Grupo Misto",
      "name_b": "Grupo Misto A",
      "score_sym": -1.5514,
      "score_a_to_b": -1.5984,
      "score_b_to_a": -1.5044,
      "vote_alignment": 0.2222
    }
  ],
  "polarization": [
    {
      "name": "Alberto Cowboy",
      "grupo": "Veterano",
      "cluster": 1,
      "avg_received": -0.4934,
      "std_received": 2.0808,
      "contradictions": 0,
      "pos_received": 8.81,
      "top_love": [
        {
          "name": "Jonas Sulzbach",
          "score": 1.65
        },
        {
          "name": "Sarah Andrade",
          "score": 1.36
        },
        {
          "name": "Edilson",
          "score": 1.1
        }
      ],
      "top_hate": [
        {
          "name": "Leandro",
          "score": -6.96
        },
        {
          "name": "Milena",
          "score": -3.72
        },
        {
          "name": "Ana Paula Renault",
          "score": -2.28
        }
      ]
    },
    {
      "name": "Ana Paula Renault",
      "grupo": "Veterano",
      "cluster": 2,
      "avg_received": -0.887,
      "std_received": 1.8977,
      "contradictions": 0,
      "pos_received": 6.054,
      "top_love": [
        {
          "name": "Milena",
          "score": 1.5
        },
        {
          "name": "Babu Santana",
          "score": 0.86
        },
        {
          "name": "Chaiany",
          "score": 0.86
        }
      ],
      "top_hate": [
        {
          "name": "Maxiane",
          "score": -5.67
        },
        {
          "name": "Sarah Andrade",
          "score": -4.97
        },
        {
          "name": "Sol Vega",
          "score": -2.46
        }
      ]
    },
    {
      "name": "Babu Santana",
      "grupo": "Veterano",
      "cluster": 2,
      "avg_received": -0.349,
      "std_received": 1.9896,
      "contradictions": 0,
      "pos_received": 9.23,
      "top_love": [
        {
          "name": "Edilson",
          "score": 1.5
        },
        {
          "name": "Juliano Floss",
          "score": 1.5
        },
        {
          "name": "Solange Couto",
          "score": 1.5
        }
      ],
      "top_hate": [
        {
          "name": "Jonas Sulzbach",
          "score": -6.11
        },
        {
          "name": "Sarah Andrade",
          "score": -4.39
        },
        {
          "name": "Sol Vega",
          "score": -1.62
        }
      ]
    },
    {
      "name": "Breno",
      "grupo": "Pipoca",
      "cluster": 1,
      "avg_received": 0.1561,
      "std_received": 0.9512,
      "contradictions": 2,
      "pos_received": 9.03,
      "top_love": [
        {
          "name": "Gabriela",
          "score": 1.3
        },
        {
          "name": "Maxiane",
          "score": 1.2
        },
        {
          "name": "Babu Santana",
          "score": 1.02
        }
      ],
      "top_hate": [
        {
          "name": "Ana Paula Renault",
          "score": -1.96
        },
        {
          "name": "Milena",
          "score": -1.25
        },
        {
          "name": "Alberto Cowboy",
          "score": -0.98
        }
      ]
    },
    {
      "name": "Chaiany",
      "grupo": "Pipoca",
      "cluster": 2,
      "avg_received": -0.2442,
      "std_received": 1.6217,
      "contradictions": 4,
      "pos_received": 8.97,
      "top_love": [
        {
          "name": "Gabriela",
          "score": 1.5
        },
        {
          "name": "Leandro",
          "score": 1.5
        },
        {
          "name": "Babu Santana",
          "score": 1.0
        }
      ],
      "top_hate": [
        {
          "name": "Sarah Andrade",
          "score": -4.65
        },
        {
          "name": "Sol Vega",
          "score": -2.85
        },
        {
          "name": "Alberto Cowboy",
          "score": -2.11
        }
      ]
    },
    {
      "name": "Edilson",
      "grupo": "Camarote",
      "cluster": 1,
      "avg_received": -0.0264,
      "std_received": 1.147,
      "contradictions": 3,
      "pos_received": 8.85,
      "top_love": [
        {
          "name": "Alberto Cowboy",
          "score": 1.95
        },
        {
          "name": "Babu Santana",
          "score": 1.5
        },
        {
          "name": "Jonas Sulzbach",
          "score": 1.2
        }
      ],
      "top_hate": [
        {
          "name": "Milena",
          "score": -1.81
        },
        {
          "name": "Leandro",
          "score": -1.8
        },
        {
          "name": "Ana Paula Renault",
          "score": -1.48
        }
      ]
    },
    {
      "name": "Gabriela",
      "grupo": "Pipoca",
      "cluster": 1,
      "avg_received": -0.74,
      "std_received": 1.6525,
      "contradictions": 2,
      "pos_received": 7.61,
      "top_love": [
        {
          "name": "Chaiany",
          "score": 1.5
        },
        {
          "name": "Jonas Sulzbach",
          "score": 1.2
        },
        {
          "name": "Alberto Cowboy",
          "score": 1.0
        }
      ],
      "top_hate": [
        {
          "name": "Maxiane",
          "score": -3.27
        },
        {
          "name": "Solange Couto",
          "score": -2.92
        },
        {
          "name": "Samira",
          "score": -2.79
        }
      ]
    },
    {
      "name": "Jonas Sulzbach",
      "grupo": "Veterano",
      "cluster": 1,
      "avg_received": -0.9576,
      "std_received": 2.4646,
      "contradictions": 0,
      "pos_received": 8.49,
      "top_love": [
        {
          "name": "Sarah Andrade",
          "score": 1.7
        },
        {
          "name": "Alberto Cowboy",
          "score": 1.35
        },
        {
          "name": "Edilson",
          "score": 1.0
        }
      ],
      "top_hate": [
        {
          "name": "Babu Santana",
          "score": -6.97
        },
        {
          "name": "Marcelo",
          "score": -5.08
        },
        {
          "name": "Juliano Floss",
          "score": -4.36
        }
      ]
    },
    {
      "name": "Jordana",
      "grupo": "Pipoca",
      "cluster": 1,
      "avg_received": -0.1494,
      "std_received": 1.1958,
      "contradictions": 2,
      "pos_received": 8.2,
      "top_love": [
        {
          "name": "Maxiane",
          "score": 1.2
        },
        {
          "name": "Alberto Cowboy",
          "score": 1.0
        },
        {
          "name": "Breno",
          "score": 1.0
        }
      ],
      "top_hate": [
        {
          "name": "Ana Paula Renault",
          "score": -2.76
        },
        {
          "name": "Samira",
          "score": -1.57
        },
        {
          "name": "Babu Santana",
          "score": -1.43
        }
      ]
    },
    {
      "name": "Juliano Floss",
      "grupo": "Camarote",
      "cluster": 2,
      "avg_received": -0.7446,
      "std_received": 1.7906,
      "contradictions": 0,
      "pos_received": 7.85,
      "top_love": [
        {
          "name": "Edilson",
          "score": 1.3
        },
        {
          "name": "Babu Santana",
          "score": 1.2
        },
        {
          "name": "Chaiany",
          "score": 1.0
        }
      ],
      "top_hate": [
        {
          "name": "Marciele",
          "score": -4.08
        },
        {
          "name": "Sol Vega",
          "score": -3.9
        },
        {
          "name": "Gabriela",
          "score": -2.5
        }
      ]
    },
    {
      "name": "Leandro",
      "grupo": "Pipoca",
      "cluster": 2,
      "avg_received": -1.4206,
      "std_received": 2.6984,
      "contradictions": 2,
      "pos_received": 7.26,
      "top_love": [
        {
          "name": "Babu Santana",
          "score": 1.0
        },
        {
          "name": "Chaiany",
          "score": 1.0
        },
        {
          "name": "Juliano Floss",
          "score": 1.0
        }
      ],
      "top_hate": [
        {
          "name": "Alberto Cowboy",
          "score": -9.36
        },
        {
          "name": "Gabriela",
          "score": -3.82
        },
        {
          "name": "Jordana",
          "score": -3.68
        }
      ]
    },
    {
      "name": "Marcelo",
      "grupo": "Pipoca",
      "cluster": 2,
      "avg_received": -0.1189,
      "std_received": 1.59,
      "contradictions": 1,
      "pos_received": 9.27,
      "top_love": [
        {
          "name": "Maxiane",
          "score": 1.88
        },
        {
          "name": "Marciele",
          "score": 1.3
        },
        {
          "name": "Babu Santana",
          "score": 1.2
        }
      ],
      "top_hate": [
        {
          "name": "Jonas Sulzbach",
          "score": -5.23
        },
        {
          "name": "Milena",
          "score": -1.84
        },
        {
          "name": "Ana Paula Renault",
          "score": -1.51
        }
      ]
    },
    {
      "name": "Marciele",
      "grupo": "Pipoca",
      "cluster": 1,
      "avg_received": 0.2394,
      "std_received": 1.0836,
      "contradictions": 0,
      "pos_received": 11.08,
      "top_love": [
        {
          "name": "Breno",
          "score": 1.5
        },
        {
          "name": "Maxiane",
          "score": 1.5
        },
        {
          "name": "Jordana",
          "score": 1.47
        }
      ],
      "top_hate": [
        {
          "name": "Ana Paula Renault",
          "score": -1.96
        },
        {
          "name": "Milena",
          "score": -1.42
        },
        {
          "name": "Juliano Floss",
          "score": -1.03
        }
      ]
    },
    {
      "name": "Maxiane",
      "grupo": "Pipoca",
      "cluster": 1,
      "avg_received": 0.0327,
      "std_received": 1.4797,
      "contradictions": 3,
      "pos_received": 10.64,
      "top_love": [
        {
          "name": "Marcelo",
          "score": 1.86
        },
        {
          "name": "Marciele",
          "score": 1.5
        },
        {
          "name": "Jonas Sulzbach",
          "score": 1.35
        }
      ],
      "top_hate": [
        {
          "name": "Ana Paula Renault",
          "score": -4.54
        },
        {
          "name": "Milena",
          "score": -1.75
        },
        {
          "name": "Solange Couto",
          "score": -0.87
        }
      ]
    },
    {
      "name": "Milena",
      "grupo": "Pipoca",
      "cluster": 2,
      "avg_received": -0.8878,
      "std_received": 1.9567,
      "contradictions": 1,
      "pos_received": 5.674,
      "top_love": [
        {
          "name": "Ana Paula Renault",
          "score": 1.5
        },
        {
          "name": "Babu Santana",
          "score": 1.06
        },
        {
          "name": "Chaiany",
          "score": 0.86
        }
      ],
      "top_hate": [
        {
          "name": "Alberto Cowboy",
          "score": -7.39
        },
        {
          "name": "Maxiane",
          "score": -2.28
        },
        {
          "name": "Sarah Andrade",
          "score": -2.07
        }
      ]
    },
    {
      "name": "Samira",
      "grupo": "Pipoca",
      "cluster": 2,
      "avg_received": -0.6953,
      "std_received": 1.2695,
      "contradictions": 2,
      "pos_received": 2.48,
      "top_love": [
        {
          "name": "Chaiany",
          "score": 1.0
        },
        {
          "name": "Marcelo",
          "score": 0.41
        },
        {
          "name": "Maxiane",
          "score": 0.41
        }
      ],
      "top_hate": [
        {
          "name": "Sol Vega",
          "score": -4.15
        },
        {
          "name": "Juliano Floss",
          "score": -3.23
        },
        {
          "name": "Jordana",
          "score": -1.6
        }
      ]
    },
    {
      "name": "Sarah Andrade",
      "grupo": "Veterano",
      "cluster": 1,
      "avg_received": -0.3761,
      "std_received": 1.9923,
      "contradictions": 1,
      "pos_received": 11.02,
      "top_love": [
        {
          "name": "Jonas Sulzbach",
          "score": 3.16
        },
        {
          "name": "Alberto Cowboy",
          "score": 1.53
        },
        {
          "name": "Maxiane",
          "score": 1.2
        }
      ],
      "top_hate": [
        {
          "name": "Babu Santana",
          "score": -5.28
        },
        {
          "name": "Ana Paula Renault",
          "score": -3.68
        },
        {
          "name": "Leandro",
          "score": -2.12
        }
      ]
    },
    {
      "name": "Sol Vega",
      "grupo": "Veterano",
      "cluster": 1,
      "avg_received": -1.8887,
      "std_received": 2.5383,
      "contradictions": 7,
      "pos_received": 7.01,
      "top_love": [
        {
          "name": "Sarah Andrade",
          "score": 2.11
        },
        {
          "name": "Jonas Sulzbach",
          "score": 1.2
        },
        {
          "name": "Alberto Cowboy",
          "score": 1.0
        }
      ],
      "top_hate": [
        {
          "name": "Babu Santana",
          "score": -6.62
        },
        {
          "name": "Juliano Floss",
          "score": -5.61
        },
        {
          "name": "Samira",
          "score": -4.61
        }
      ]
    },
    {
      "name": "Solange Couto",
      "grupo": "Camarote",
      "cluster": 2,
      "avg_received": -0.8486,
      "std_received": 1.5949,
      "contradictions": 3,
      "pos_received": 6.05,
      "top_love": [
        {
          "name": "Babu Santana",
          "score": 1.7
        },
        {
          "name": "Chaiany",
          "score": 1.0
        },
        {
          "name": "Juliano Floss",
          "score": 1.0
        }
      ],
      "top_hate": [
        {
          "name": "Sarah Andrade",
          "score": -2.9
        },
        {
          "name": "Gabriela",
          "score": -2.6
        },
        {
          "name": "Jordana",
          "score": -2.55
        }
      ]
    }
  ],
  "score_matrix_ordered": [
    [
      0.0,
      2.43,
      1.445,
      1.0,
      1.1,
      1.06,
      1.555,
      1.0,
      1.0,
      0.3625,
      -4.833,
      -3.3475,
      -2.895,
      -1.7725,
      -1.5925,
      -4.325,
      -0.6225,
      -1.88,
      -0.735
    ],
    [
      2.43,
      0.0,
      1.5,
      1.0,
      1.175,
      0.64,
      1.1,
      1.1,
      1.1,
      0.0475,
      -6.5385,
      -1.24,
      -3.2675,
      -0.3,
      -3.4005,
      -1.767,
      -5.1505,
      -1.3745,
      -0.635
    ],
    [
      1.445,
      1.5,
      0.0,
      1.0,
      0.55,
      1.1,
      1.0,
      1.0,
      1.525,
      -0.605,
      -0.825,
      -1.1775,
      -8.158,
      -1.455,
      -1.68,
      -1.767,
      -0.08,
      -5.5575,
      -1.025
    ],
    [
      1.0,
      1.0,
      1.0,
      0.0,
      1.1,
      1.235,
      -0.5,
      0.955,
      0.0,
      1.0,
      -1.3575,
      -1.1125,
      -2.49,
      -1.4825,
      -0.545,
      -2.12,
      -0.245,
      -1.3375,
      -1.585
    ],
    [
      1.1,
      1.175,
      0.55,
      1.1,
      0.0,
      1.5,
      0.955,
      -1.91,
      1.0,
      1.1,
      -0.5725,
      0.0575,
      0.43,
      -1.685,
      -0.9925,
      -5.103,
      1.87,
      -2.015,
      -0.1875
    ],
    [
      1.06,
      0.64,
      1.1,
      1.235,
      1.5,
      0.0,
      0.895,
      -1.665,
      -0.0425,
      1.25,
      -0.095,
      0.0225,
      -1.455,
      -1.455,
      -2.5575,
      -1.47,
      1.3,
      -1.1975,
      -0.0975
    ],
    [
      1.555,
      1.1,
      1.0,
      -0.5,
      0.955,
      0.895,
      0.0,
      1.0,
      -1.695,
      -0.925,
      -4.12,
      -2.6225,
      -2.1875,
      -2.2625,
      -4.7525,
      -3.522,
      -1.51,
      -2.0395,
      -4.378
    ],
    [
      1.0,
      1.1,
      1.0,
      0.955,
      -1.91,
      -1.665,
      1.0,
      0.0,
      1.0,
      0.49,
      -1.9275,
      1.5,
      -2.96,
      -2.76,
      -1.5625,
      -1.342,
      -0.8325,
      -0.767,
      -1.655
    ],
    [
      1.0,
      1.1,
      1.525,
      0.0,
      1.0,
      -0.0425,
      -1.695,
      1.0,
      0.0,
      -1.06,
      1.5,
      0.19,
      -2.56,
      -1.4875,
      0.775,
      -1.312,
      -0.5025,
      -1.867,
      -0.525
    ],
    [
      0.3625,
      0.0475,
      -0.605,
      1.0,
      1.1,
      1.25,
      -0.925,
      0.49,
      -1.06,
      0.0,
      0.665,
      0.595,
      0.655,
      -0.185,
      0.2625,
      -1.455,
      1.0,
      -0.675,
      -0.1175
    ],
    [
      -4.833,
      -6.5385,
      -0.825,
      -1.3575,
      -0.5725,
      -0.095,
      -4.12,
      -1.9275,
      1.5,
      0.665,
      0.0,
      1.0,
      1.0,
      1.6,
      1.35,
      0.688,
      1.1,
      0.788,
      0.13
    ],
    [
      -3.3475,
      -1.24,
      -1.1775,
      -1.1125,
      0.0575,
      0.0225,
      -2.6225,
      1.5,
      0.19,
      0.595,
      1.0,
      0.0,
      1.25,
      0.985,
      1.0,
      0.688,
      0.64,
      0.688,
      1.0
    ],
    [
      -2.895,
      -3.2675,
      -8.158,
      -2.49,
      0.43,
      -1.455,
      -2.1875,
      -2.96,
      -2.56,
      0.655,
      1.0,
      1.25,
      0.0,
      1.0,
      1.0,
      0.688,
      1.0,
      0.688,
      -0.96
    ],
    [
      -1.7725,
      -0.3,
      -1.455,
      -1.4825,
      -1.685,
      -1.455,
      -2.2625,
      -2.76,
      -1.4875,
      -0.185,
      1.6,
      0.985,
      1.0,
      0.0,
      1.0,
      -0.275,
      0.94,
      -0.72,
      -0.52
    ],
    [
      -1.5925,
      -3.4005,
      -1.68,
      -0.545,
      -0.9925,
      -2.5575,
      -4.7525,
      -1.5625,
      0.775,
      0.2625,
      1.35,
      1.0,
      1.0,
      1.0,
      0.0,
      0.688,
      1.0,
      0.688,
      -2.8355
    ],
    [
      -4.325,
      -1.767,
      -1.767,
      -2.12,
      -5.103,
      -1.47,
      -3.522,
      -1.342,
      -1.312,
      -1.455,
      0.688,
      0.688,
      0.688,
      -0.275,
      0.688,
      0.0,
      -1.245,
      1.5,
      0.4
    ],
    [
      -0.6225,
      -5.1505,
      -0.08,
      -0.245,
      1.87,
      1.3,
      -1.51,
      -0.8325,
      -0.5025,
      1.0,
      1.1,
      0.64,
      1.0,
      0.94,
      1.0,
      -1.245,
      0.0,
      -1.41,
      0.1
    ],
    [
      -1.88,
      -1.3745,
      -5.5575,
      -1.3375,
      -2.015,
      -1.1975,
      -2.0395,
      -0.767,
      -1.867,
      -0.675,
      0.788,
      0.688,
      0.688,
      -0.72,
      0.688,
      1.5,
      -1.41,
      0.0,
      -0.47
    ],
    [
      -0.735,
      -0.635,
      -1.025,
      -1.585,
      -0.1875,
      -0.0975,
      -4.378,
      -1.655,
      -0.525,
      -0.1175,
      0.13,
      1.0,
      -0.96,
      -0.52,
      -2.8355,
      0.4,
      0.1,
      -0.47,
      0.0
    ]
  ],
  "vote_matrix_ordered": [
    [
      0.0,
      1.0,
      1.0,
      0.3333,
      0.5,
      0.3333,
      0.6667,
      0.6667,
      0.3333,
      0.3333,
      0.0,
      0.0,
      0.0,
      0.3333,
      0.0,
      0.5,
      0.3333,
      0.3333,
      0.6667
    ],
    [
      1.0,
      0.0,
      1.0,
      0.5,
      1.0,
      0.5,
      0.5,
      1.0,
      0.5,
      0.5,
      0.0,
      0.0,
      0.0,
      0.5,
      0.0,
      0.5,
      0.5,
      0.5,
      1.0
    ],
    [
      1.0,
      1.0,
      0.0,
      0.5,
      0.0,
      0.5,
      1.0,
      0.5,
      0.5,
      0.0,
      0.0,
      0.0,
      0.0,
      0.0,
      0.0,
      0.0,
      0.0,
      0.0,
      0.5
    ],
    [
      0.3333,
      0.5,
      0.5,
      0.0,
      0.0,
      0.3333,
      0.3333,
      0.3333,
      0.6667,
      0.0,
      0.0,
      0.0,
      0.0,
      0.0,
      0.0,
      0.0,
      0.0,
      0.0,
      0.3333
    ],
    [
      0.5,
      1.0,
      0.0,
      0.0,
      0.0,
      0.5,
      0.0,
      0.5,
      0.0,
      0.5,
      0.0,
      0.0,
      0.0,
      0.5,
      0.0,
      1.0,
      0.5,
      0.5,
      1.0
    ],
    [
      0.3333,
      0.5,
      0.5,
      0.3333,
      0.5,
      0.0,
      0.6667,
      0.3333,
      0.3333,
      0.0,
      0.0,
      0.0,
      0.0,
      0.0,
      0.0,
      0.0,
      0.0,
      0.0,
      0.6667
    ],
    [
      0.6667,
      0.5,
      1.0,
      0.3333,
      0.0,
      0.6667,
      0.0,
      0.3333,
      0.3333,
      0.0,
      0.0,
      0.0,
      0.0,
      0.0,
      0.0,
      0.0,
      0.0,
      0.0,
      0.3333
    ],
    [
      0.6667,
      1.0,
      0.5,
      0.3333,
      0.5,
      0.3333,
      0.3333,
      0.0,
      0.3333,
      0.3333,
      0.0,
      0.0,
      0.0,
      0.3333,
      0.0,
      0.5,
      0.3333,
      0.3333,
      0.6667
    ],
    [
      0.3333,
      0.5,
      0.5,
      0.6667,
      0.0,
      0.3333,
      0.3333,
      0.3333,
      0.0,
      0.0,
      0.5,
      0.0,
      0.0,
      0.0,
      0.3333,
      0.0,
      0.0,
      0.0,
      0.3333
    ],
    [
      0.3333,
      0.5,
      0.0,
      0.0,
      0.5,
      0.0,
      0.0,
      0.3333,
      0.0,
      0.0,
      0.5,
      0.6667,
      0.6667,
      0.3333,
      0.6667,
      1.0,
      1.0,
      1.0,
      0.3333
    ],
    [
      0.0,
      0.0,
      0.0,
      0.0,
      0.0,
      0.0,
      0.0,
      0.0,
      0.5,
      0.5,
      0.0,
      0.5,
      0.5,
      0.0,
      1.0,
      0.5,
      0.5,
      0.5,
      0.0
    ],
    [
      0.0,
      0.0,
      0.0,
      0.0,
      0.0,
      0.0,
      0.0,
      0.0,
      0.0,
      0.6667,
      0.5,
      0.0,
      0.6667,
      0.0,
      0.6667,
      0.5,
      0.6667,
      0.6667,
      0.0
    ],
    [
      0.0,
      0.0,
      0.0,
      0.0,
      0.0,
      0.0,
      0.0,
      0.0,
      0.0,
      0.6667,
      0.5,
      0.6667,
      0.0,
      0.0,
      0.6667,
      0.5,
      0.6667,
      0.6667,
      0.0
    ],
    [
      0.3333,
      0.5,
      0.0,
      0.0,
      0.5,
      0.0,
      0.0,
      0.3333,
      0.0,
      0.3333,
      0.0,
      0.0,
      0.0,
      0.0,
      0.0,
      0.5,
      0.3333,
      0.3333,
      0.3333
    ],
    [
      0.0,
      0.0,
      0.0,
      0.0,
      0.0,
      0.0,
      0.0,
      0.0,
      0.3333,
      0.6667,
      1.0,
      0.6667,
      0.6667,
      0.0,
      0.0,
      0.5,
      0.6667,
      0.6667,
      0.0
    ],
    [
      0.5,
      0.5,
      0.0,
      0.0,
      1.0,
      0.0,
      0.0,
      0.5,
      0.0,
      1.0,
      0.5,
      0.5,
      0.5,
      0.5,
      0.5,
      0.0,
      1.0,
      1.0,
      0.5
    ],
    [
      0.3333,
      0.5,
      0.0,
      0.0,
      0.5,
      0.0,
      0.0,
      0.3333,
      0.0,
      1.0,
      0.5,
      0.6667,
      0.6667,
      0.3333,
      0.6667,
      1.0,
      0.0,
      1.0,
      0.3333
    ],
    [
      0.3333,
      0.5,
      0.0,
      0.0,
      0.5,
      0.0,
      0.0,
      0.3333,
      0.0,
      1.0,
      0.5,
      0.6667,
      0.6667,
      0.3333,
      0.6667,
      1.0,
      1.0,
      0.0,
      0.3333
    ],
    [
      0.6667,
      1.0,
      0.5,
      0.3333,
      1.0,
      0.6667,
      0.3333,
      0.6667,
      0.3333,
      0.3333,
      0.0,
      0.0,
      0.0,
      0.3333,
      0.0,
      0.5,
      0.3333,
      0.3333,
      0.0
    ]
  ]
}