{
  "_metadata": {
    "generated_at": "2026-03-09T08:15:37.761993+00:00",
    "date": "2026-03-08",
    "week": 8,
    "reference_date": "2026-03-08",
    "n_active": 14,
    "n_clusters": 3,
    "n_paredoes": 7,
    "n_contradictions": 36,
    "n_tensions": 3,
    "silhouette_coefficient": 0.1147,
    "resolution_used": 0.5,
    "best_cohesion": {
      "label": 3,
      "name": "Aliança Grupo Misto A",
      "score": 1.7867
    },
    "worst_rivalry": {
      "key": "2<>3",
      "score": -4.9725,
      "text": "Aliança Grupo Misto vs Aliança Grupo Misto A"
    }
  },
  "active_names": [
    "Alberto Cowboy",
    "Ana Paula Renault",
    "Babu Santana",
    "Breno",
    "Chaiany",
    "Gabriela",
    "Jonas Sulzbach",
    "Jordana",
    "Juliano Floss",
    "Leandro",
    "Marciele",
    "Milena",
    "Samira",
    "Solange Couto"
  ],
  "cluster_order": [
    "Chaiany",
    "Breno",
    "Solange Couto",
    "Babu Santana",
    "Leandro",
    "Juliano Floss",
    "Gabriela",
    "Alberto Cowboy",
    "Jonas Sulzbach",
    "Marciele",
    "Jordana",
    "Milena",
    "Ana Paula Renault",
    "Samira"
  ],
  "communities": [
    {
      "label": 1,
      "name": "Grupo Misto",
      "color": "#e74c3c",
      "members": [
        "Babu Santana",
        "Breno",
        "Chaiany",
        "Gabriela",
        "Juliano Floss",
        "Leandro",
        "Solange Couto"
      ],
      "group_composition": {
        "Pipoca": 4,
        "Camarote": 2,
        "Veterano": 1
      },
      "cohesion": 0.2647,
      "best_external": {
        "label": 3,
        "name": "Aliança Grupo Misto A",
        "score": -1.2156
      },
      "worst_external": {
        "label": 2,
        "name": "Aliança Grupo Misto",
        "score": -3.836
      }
    },
    {
      "label": 2,
      "name": "Aliança Grupo Misto",
      "color": "#3498db",
      "members": [
        "Alberto Cowboy",
        "Jonas Sulzbach",
        "Jordana",
        "Marciele"
      ],
      "group_composition": {
        "Veterano": 2,
        "Pipoca": 2
      },
      "cohesion": 1.6592,
      "best_external": {
        "label": 1,
        "name": "Grupo Misto",
        "score": -3.836
      },
      "worst_external": {
        "label": 3,
        "name": "Aliança Grupo Misto A",
        "score": -4.9725
      }
    },
    {
      "label": 3,
      "name": "Aliança Grupo Misto A",
      "color": "#2ecc71",
      "members": [
        "Ana Paula Renault",
        "Milena",
        "Samira"
      ],
      "group_composition": {
        "Pipoca": 2,
        "Veterano": 1
      },
      "cohesion": 1.7867,
      "best_external": {
        "label": 1,
        "name": "Grupo Misto",
        "score": -1.2156
      },
      "worst_external": {
        "label": 2,
        "name": "Aliança Grupo Misto",
        "score": -4.9725
      }
    }
  ],
  "inter_cluster": [
    {
      "cluster_a": 1,
      "cluster_b": 2,
      "name_a": "Grupo Misto",
      "name_b": "Aliança Grupo Misto",
      "score_sym": -3.836,
      "score_a_to_b": -4.2455,
      "score_b_to_a": -3.4265,
      "vote_alignment": 0.1289
    },
    {
      "cluster_a": 1,
      "cluster_b": 3,
      "name_a": "Grupo Misto",
      "name_b": "Aliança Grupo Misto A",
      "score_sym": -1.2156,
      "score_a_to_b": -0.9403,
      "score_b_to_a": -1.4909,
      "vote_alignment": 0.5717
    },
    {
      "cluster_a": 2,
      "cluster_b": 3,
      "name_a": "Aliança Grupo Misto",
      "name_b": "Aliança Grupo Misto A",
      "score_sym": -4.9725,
      "score_a_to_b": -4.4748,
      "score_b_to_a": -5.4703,
      "vote_alignment": 0.2014
    }
  ],
  "polarization": [
    {
      "name": "Alberto Cowboy",
      "grupo": "Veterano",
      "cluster": 2,
      "avg_received": -3.8325,
      "std_received": 4.259,
      "contradictions": 2,
      "pos_received": 4.95,
      "top_love": [
        {
          "name": "Jonas Sulzbach",
          "score": 2.35
        },
        {
          "name": "Jordana",
          "score": 1.3
        },
        {
          "name": "Marciele",
          "score": 1.3
        }
      ],
      "top_hate": [
        {
          "name": "Leandro",
          "score": -11.28
        },
        {
          "name": "Milena",
          "score": -9.77
        },
        {
          "name": "Breno",
          "score": -8.76
        }
      ]
    },
    {
      "name": "Ana Paula Renault",
      "grupo": "Veterano",
      "cluster": 3,
      "avg_received": -1.021,
      "std_received": 2.076,
      "contradictions": 0,
      "pos_received": 6.546,
      "top_love": [
        {
          "name": "Milena",
          "score": 3.31
        },
        {
          "name": "Samira",
          "score": 1.88
        },
        {
          "name": "Juliano Floss",
          "score": 1.36
        }
      ],
      "top_hate": [
        {
          "name": "Alberto Cowboy",
          "score": -4.56
        },
        {
          "name": "Jonas Sulzbach",
          "score": -3.02
        },
        {
          "name": "Babu Santana",
          "score": -2.85
        }
      ]
    },
    {
      "name": "Babu Santana",
      "grupo": "Veterano",
      "cluster": 1,
      "avg_received": -1.7968,
      "std_received": 3.9587,
      "contradictions": 0,
      "pos_received": 9.05,
      "top_love": [
        {
          "name": "Solange Couto",
          "score": 2.2
        },
        {
          "name": "Juliano Floss",
          "score": 2.17
        },
        {
          "name": "Leandro",
          "score": 1.7
        }
      ],
      "top_hate": [
        {
          "name": "Jonas Sulzbach",
          "score": -10.73
        },
        {
          "name": "Milena",
          "score": -7.43
        },
        {
          "name": "Ana Paula Renault",
          "score": -5.2
        }
      ]
    },
    {
      "name": "Breno",
      "grupo": "Pipoca",
      "cluster": 1,
      "avg_received": -1.6745,
      "std_received": 2.6864,
      "contradictions": 2,
      "pos_received": 3.6575,
      "top_love": [
        {
          "name": "Babu Santana",
          "score": 0.86
        },
        {
          "name": "Leandro",
          "score": 0.68
        },
        {
          "name": "Chaiany",
          "score": 0.58
        }
      ],
      "top_hate": [
        {
          "name": "Jordana",
          "score": -7.2
        },
        {
          "name": "Alberto Cowboy",
          "score": -6.34
        },
        {
          "name": "Marciele",
          "score": -4.39
        }
      ]
    },
    {
      "name": "Chaiany",
      "grupo": "Pipoca",
      "cluster": 1,
      "avg_received": -0.3152,
      "std_received": 2.4907,
      "contradictions": 4,
      "pos_received": 11.025,
      "top_love": [
        {
          "name": "Gabriela",
          "score": 3.31
        },
        {
          "name": "Leandro",
          "score": 2.0
        },
        {
          "name": "Breno",
          "score": 1.5
        }
      ],
      "top_hate": [
        {
          "name": "Jordana",
          "score": -5.77
        },
        {
          "name": "Alberto Cowboy",
          "score": -4.27
        },
        {
          "name": "Milena",
          "score": -2.37
        }
      ]
    },
    {
      "name": "Gabriela",
      "grupo": "Pipoca",
      "cluster": 1,
      "avg_received": -1.0592,
      "std_received": 2.1357,
      "contradictions": 9,
      "pos_received": 6.63,
      "top_love": [
        {
          "name": "Chaiany",
          "score": 3.31
        },
        {
          "name": "Jonas Sulzbach",
          "score": 1.3
        },
        {
          "name": "Jordana",
          "score": 1.07
        }
      ],
      "top_hate": [
        {
          "name": "Leandro",
          "score": -3.9
        },
        {
          "name": "Babu Santana",
          "score": -3.83
        },
        {
          "name": "Solange Couto",
          "score": -3.77
        }
      ]
    },
    {
      "name": "Jonas Sulzbach",
      "grupo": "Veterano",
      "cluster": 2,
      "avg_received": -2.4603,
      "std_received": 4.0879,
      "contradictions": 0,
      "pos_received": 6.18,
      "top_love": [
        {
          "name": "Alberto Cowboy",
          "score": 3.01
        },
        {
          "name": "Jordana",
          "score": 1.2
        },
        {
          "name": "Marciele",
          "score": 1.2
        }
      ],
      "top_hate": [
        {
          "name": "Babu Santana",
          "score": -10.79
        },
        {
          "name": "Milena",
          "score": -9.41
        },
        {
          "name": "Juliano Floss",
          "score": -5.51
        }
      ]
    },
    {
      "name": "Jordana",
      "grupo": "Pipoca",
      "cluster": 2,
      "avg_received": -4.274,
      "std_received": 4.211,
      "contradictions": 6,
      "pos_received": 5.57,
      "top_love": [
        {
          "name": "Alberto Cowboy",
          "score": 1.65
        },
        {
          "name": "Marciele",
          "score": 1.5
        },
        {
          "name": "Gabriela",
          "score": 1.22
        }
      ],
      "top_hate": [
        {
          "name": "Chaiany",
          "score": -10.17
        },
        {
          "name": "Breno",
          "score": -9.41
        },
        {
          "name": "Samira",
          "score": -7.89
        }
      ]
    },
    {
      "name": "Juliano Floss",
      "grupo": "Camarote",
      "cluster": 1,
      "avg_received": -1.5573,
      "std_received": 3.2481,
      "contradictions": 3,
      "pos_received": 7.46,
      "top_love": [
        {
          "name": "Breno",
          "score": 1.34
        },
        {
          "name": "Leandro",
          "score": 1.3
        },
        {
          "name": "Chaiany",
          "score": 1.1
        }
      ],
      "top_hate": [
        {
          "name": "Marciele",
          "score": -8.08
        },
        {
          "name": "Gabriela",
          "score": -6.25
        },
        {
          "name": "Alberto Cowboy",
          "score": -5.8
        }
      ]
    },
    {
      "name": "Leandro",
      "grupo": "Pipoca",
      "cluster": 1,
      "avg_received": -1.77,
      "std_received": 3.2617,
      "contradictions": 0,
      "pos_received": 6.4,
      "top_love": [
        {
          "name": "Babu Santana",
          "score": 1.5
        },
        {
          "name": "Solange Couto",
          "score": 1.3
        },
        {
          "name": "Breno",
          "score": 1.2
        }
      ],
      "top_hate": [
        {
          "name": "Alberto Cowboy",
          "score": -10.22
        },
        {
          "name": "Gabriela",
          "score": -4.59
        },
        {
          "name": "Jordana",
          "score": -4.11
        }
      ]
    },
    {
      "name": "Marciele",
      "grupo": "Pipoca",
      "cluster": 2,
      "avg_received": -2.0954,
      "std_received": 2.7523,
      "contradictions": 2,
      "pos_received": 5.9,
      "top_love": [
        {
          "name": "Jordana",
          "score": 2.0
        },
        {
          "name": "Jonas Sulzbach",
          "score": 1.65
        },
        {
          "name": "Alberto Cowboy",
          "score": 1.55
        }
      ],
      "top_hate": [
        {
          "name": "Juliano Floss",
          "score": -7.44
        },
        {
          "name": "Ana Paula Renault",
          "score": -4.67
        },
        {
          "name": "Samira",
          "score": -4.16
        }
      ]
    },
    {
      "name": "Milena",
      "grupo": "Pipoca",
      "cluster": 3,
      "avg_received": -2.4168,
      "std_received": 4.3839,
      "contradictions": 0,
      "pos_received": 6.826,
      "top_love": [
        {
          "name": "Ana Paula Renault",
          "score": 2.2
        },
        {
          "name": "Juliano Floss",
          "score": 2.12
        },
        {
          "name": "Samira",
          "score": 1.92
        }
      ],
      "top_hate": [
        {
          "name": "Alberto Cowboy",
          "score": -12.56
        },
        {
          "name": "Jonas Sulzbach",
          "score": -10.87
        },
        {
          "name": "Jordana",
          "score": -3.14
        }
      ]
    },
    {
      "name": "Samira",
      "grupo": "Pipoca",
      "cluster": 3,
      "avg_received": -1.387,
      "std_received": 2.1031,
      "contradictions": 2,
      "pos_received": 2.5,
      "top_love": [
        {
          "name": "Breno",
          "score": 1.01
        },
        {
          "name": "Ana Paula Renault",
          "score": 0.72
        },
        {
          "name": "Milena",
          "score": 0.69
        }
      ],
      "top_hate": [
        {
          "name": "Jordana",
          "score": -6.15
        },
        {
          "name": "Marciele",
          "score": -4.16
        },
        {
          "name": "Alberto Cowboy",
          "score": -3.5
        }
      ]
    },
    {
      "name": "Solange Couto",
      "grupo": "Camarote",
      "cluster": 1,
      "avg_received": -0.7604,
      "std_received": 2.2167,
      "contradictions": 10,
      "pos_received": 7.71,
      "top_love": [
        {
          "name": "Babu Santana",
          "score": 2.4
        },
        {
          "name": "Chaiany",
          "score": 1.45
        },
        {
          "name": "Leandro",
          "score": 1.2
        }
      ],
      "top_hate": [
        {
          "name": "Jordana",
          "score": -4.95
        },
        {
          "name": "Marciele",
          "score": -4.54
        },
        {
          "name": "Gabriela",
          "score": -2.7
        }
      ]
    }
  ],
  "score_matrix_ordered": [
    [
      0.0,
      1.04,
      1.475,
      1.475,
      1.6,
      0.8075,
      3.31,
      -2.255,
      -0.665,
      -1.9412,
      -7.968,
      -2.157,
      -0.877,
      0.45
    ],
    [
      1.04,
      0.0,
      0.785,
      1.0037,
      0.94,
      0.96,
      -1.215,
      -7.548,
      -2.535,
      -4.24,
      -8.303,
      -0.305,
      -1.585,
      0.7
    ],
    [
      1.475,
      0.785,
      0.0,
      2.3,
      1.25,
      0.91,
      -3.235,
      -1.86,
      0.705,
      -3.28,
      -5.2075,
      -2.1725,
      -1.0975,
      -1.4
    ],
    [
      1.475,
      1.0037,
      2.3,
      0.0,
      1.6,
      1.5,
      -4.4075,
      -2.5225,
      -10.759,
      -1.935,
      -4.655,
      -4.77,
      -4.0282,
      0.13
    ],
    [
      1.6,
      0.94,
      1.25,
      1.6,
      0.0,
      1.25,
      -4.245,
      -10.748,
      -4.42,
      -2.85,
      -5.355,
      -0.667,
      -0.717,
      -1.625
    ],
    [
      0.8075,
      0.96,
      0.91,
      1.5,
      1.25,
      0.0,
      -3.545,
      -5.5762,
      -4.693,
      -7.76,
      -2.5325,
      1.543,
      1.088,
      -2.148
    ],
    [
      3.31,
      -1.215,
      -3.235,
      -4.4075,
      -4.245,
      -3.545,
      0.0,
      -0.26,
      0.8,
      -0.19,
      1.145,
      -2.502,
      -2.0145,
      -1.3725
    ],
    [
      -2.255,
      -7.548,
      -1.86,
      -2.5225,
      -10.748,
      -5.5762,
      -0.26,
      0.0,
      2.68,
      1.425,
      1.475,
      -11.168,
      -5.252,
      -4.41
    ],
    [
      -0.665,
      -2.535,
      0.705,
      -10.759,
      -4.42,
      -4.693,
      0.8,
      2.68,
      0.0,
      1.425,
      1.2,
      -10.143,
      -3.5995,
      -0.625
    ],
    [
      -1.9412,
      -4.24,
      -3.28,
      -1.935,
      -2.85,
      -7.76,
      -0.19,
      1.425,
      1.425,
      0.0,
      1.75,
      -1.495,
      -3.4675,
      -4.16
    ],
    [
      -7.968,
      -8.303,
      -5.2075,
      -4.655,
      -5.355,
      -2.5325,
      1.145,
      1.475,
      1.2,
      1.75,
      0.0,
      -5.38,
      -2.9475,
      -7.023
    ],
    [
      -2.157,
      -0.305,
      -2.1725,
      -4.77,
      -0.667,
      1.543,
      -2.502,
      -11.168,
      -10.143,
      -1.495,
      -5.38,
      0.0,
      2.755,
      1.305
    ],
    [
      -0.877,
      -1.585,
      -1.0975,
      -4.0282,
      -0.717,
      1.088,
      -2.0145,
      -5.252,
      -3.5995,
      -3.4675,
      -2.9475,
      2.755,
      0.0,
      1.3
    ],
    [
      0.45,
      0.7,
      -1.4,
      0.13,
      -1.625,
      -2.148,
      -1.3725,
      -4.41,
      -0.625,
      -4.16,
      -7.023,
      1.305,
      1.3,
      0.0
    ]
  ],
  "vote_matrix_ordered": [
    [
      0.0,
      0.7143,
      0.4286,
      0.6667,
      0.7143,
      0.7143,
      0.0,
      0.0,
      0.0,
      0.0,
      0.0,
      0.5714,
      0.5,
      0.3333
    ],
    [
      0.7143,
      0.0,
      0.7143,
      0.8333,
      0.8571,
      0.8571,
      0.1429,
      0.0,
      0.3333,
      0.0,
      0.0,
      0.8571,
      0.8333,
      0.6667
    ],
    [
      0.4286,
      0.7143,
      0.0,
      0.6667,
      0.5714,
      0.5714,
      0.1429,
      0.0,
      0.3333,
      0.0,
      0.0,
      0.5714,
      0.6667,
      0.6667
    ],
    [
      0.6667,
      0.8333,
      0.6667,
      0.0,
      0.8333,
      1.0,
      0.0,
      0.0,
      0.0,
      0.0,
      0.0,
      0.6667,
      0.6667,
      0.6
    ],
    [
      0.7143,
      0.8571,
      0.5714,
      0.8333,
      0.0,
      0.8571,
      0.0,
      0.0,
      0.0,
      0.0,
      0.0,
      0.7143,
      0.6667,
      0.5
    ],
    [
      0.7143,
      0.8571,
      0.5714,
      1.0,
      0.8571,
      0.0,
      0.0,
      0.0,
      0.0,
      0.0,
      0.0,
      0.7143,
      0.6667,
      0.5
    ],
    [
      0.0,
      0.1429,
      0.1429,
      0.0,
      0.0,
      0.0,
      0.0,
      0.8,
      1.0,
      0.5714,
      0.5714,
      0.1429,
      0.1667,
      0.3333
    ],
    [
      0.0,
      0.0,
      0.0,
      0.0,
      0.0,
      0.0,
      0.8,
      0.0,
      1.0,
      0.8,
      0.8,
      0.0,
      0.0,
      0.25
    ],
    [
      0.0,
      0.3333,
      0.3333,
      0.0,
      0.0,
      0.0,
      1.0,
      1.0,
      0.0,
      0.6667,
      0.6667,
      0.3333,
      0.3333,
      1.0
    ],
    [
      0.0,
      0.0,
      0.0,
      0.0,
      0.0,
      0.0,
      0.5714,
      0.8,
      0.6667,
      0.0,
      0.7143,
      0.0,
      0.0,
      0.3333
    ],
    [
      0.0,
      0.0,
      0.0,
      0.0,
      0.0,
      0.0,
      0.5714,
      0.8,
      0.6667,
      0.7143,
      0.0,
      0.0,
      0.0,
      0.1667
    ],
    [
      0.5714,
      0.8571,
      0.5714,
      0.6667,
      0.7143,
      0.7143,
      0.1429,
      0.0,
      0.3333,
      0.0,
      0.0,
      0.0,
      1.0,
      0.6667
    ],
    [
      0.5,
      0.8333,
      0.6667,
      0.6667,
      0.6667,
      0.6667,
      0.1667,
      0.0,
      0.3333,
      0.0,
      0.0,
      1.0,
      0.0,
      0.8
    ],
    [
      0.3333,
      0.6667,
      0.6667,
      0.6,
      0.5,
      0.5,
      0.3333,
      0.25,
      1.0,
      0.3333,
      0.1667,
      0.6667,
      0.8,
      0.0
    ]
  ]
}