{
  "_metadata": {
    "generated_at": "2026-03-04T17:42:28.214725+00:00",
    "date": "2026-03-04",
    "week": 7,
    "reference_date": "2026-03-04",
    "n_active": 14,
    "n_clusters": 2,
    "n_paredoes": 7,
    "n_contradictions": 35,
    "n_tensions": 1,
    "silhouette_coefficient": 0.4108,
    "resolution_used": 0.5,
    "best_cohesion": {
      "label": 2,
      "name": "Aliança Grupo Misto",
      "score": 1.6592
    },
    "worst_rivalry": {
      "key": "1<>2",
      "score": -3.5922,
      "text": "Frente Grupo Misto vs Aliança Grupo Misto"
    }
  },
  "active_names": [
    "Alberto Cowboy",
    "Ana Paula Renault",
    "Babu Santana",
    "Breno",
    "Chaiany",
    "Gabriela",
    "Jonas Sulzbach",
    "Jordana",
    "Juliano Floss",
    "Leandro",
    "Marciele",
    "Milena",
    "Samira",
    "Solange Couto"
  ],
  "cluster_order": [
    "Chaiany",
    "Juliano Floss",
    "Breno",
    "Leandro",
    "Solange Couto",
    "Babu Santana",
    "Samira",
    "Milena",
    "Ana Paula Renault",
    "Gabriela",
    "Alberto Cowboy",
    "Jonas Sulzbach",
    "Marciele",
    "Jordana"
  ],
  "communities": [
    {
      "label": 1,
      "name": "Frente Grupo Misto",
      "color": "#e74c3c",
      "members": [
        "Ana Paula Renault",
        "Babu Santana",
        "Breno",
        "Chaiany",
        "Gabriela",
        "Juliano Floss",
        "Leandro",
        "Milena",
        "Samira",
        "Solange Couto"
      ],
      "group_composition": {
        "Pipoca": 6,
        "Veterano": 2,
        "Camarote": 2
      },
      "cohesion": -0.2107,
      "best_external": {
        "label": 2,
        "name": "Aliança Grupo Misto",
        "score": -3.5922
      },
      "worst_external": {
        "label": 2,
        "name": "Aliança Grupo Misto",
        "score": -3.5922
      }
    },
    {
      "label": 2,
      "name": "Aliança Grupo Misto",
      "color": "#3498db",
      "members": [
        "Alberto Cowboy",
        "Jonas Sulzbach",
        "Jordana",
        "Marciele"
      ],
      "group_composition": {
        "Veterano": 2,
        "Pipoca": 2
      },
      "cohesion": 1.6592,
      "best_external": {
        "label": 1,
        "name": "Frente Grupo Misto",
        "score": -3.5922
      },
      "worst_external": {
        "label": 1,
        "name": "Frente Grupo Misto",
        "score": -3.5922
      }
    }
  ],
  "inter_cluster": [
    {
      "cluster_a": 1,
      "cluster_b": 2,
      "name_a": "Frente Grupo Misto",
      "name_b": "Aliança Grupo Misto",
      "score_sym": -3.5922,
      "score_a_to_b": -3.8899,
      "score_b_to_a": -3.2946,
      "vote_alignment": 0.1507
    }
  ],
  "polarization": [
    {
      "name": "Alberto Cowboy",
      "grupo": "Veterano",
      "cluster": 2,
      "avg_received": -3.6732,
      "std_received": 4.0611,
      "contradictions": 2,
      "pos_received": 4.95,
      "top_love": [
        {
          "name": "Jonas Sulzbach",
          "score": 2.35
        },
        {
          "name": "Jordana",
          "score": 1.3
        },
        {
          "name": "Marciele",
          "score": 1.3
        }
      ],
      "top_hate": [
        {
          "name": "Leandro",
          "score": -11.28
        },
        {
          "name": "Breno",
          "score": -8.76
        },
        {
          "name": "Milena",
          "score": -7.76
        }
      ]
    },
    {
      "name": "Ana Paula Renault",
      "grupo": "Veterano",
      "cluster": 1,
      "avg_received": -1.0452,
      "std_received": 1.8789,
      "contradictions": 0,
      "pos_received": 4.922,
      "top_love": [
        {
          "name": "Milena",
          "score": 2.2
        },
        {
          "name": "Juliano Floss",
          "score": 1.36
        },
        {
          "name": "Samira",
          "score": 1.13
        }
      ],
      "top_hate": [
        {
          "name": "Alberto Cowboy",
          "score": -4.56
        },
        {
          "name": "Jonas Sulzbach",
          "score": -3.19
        },
        {
          "name": "Babu Santana",
          "score": -2.79
        }
      ]
    },
    {
      "name": "Babu Santana",
      "grupo": "Veterano",
      "cluster": 1,
      "avg_received": -1.298,
      "std_received": 3.0109,
      "contradictions": 0,
      "pos_received": 8.75,
      "top_love": [
        {
          "name": "Solange Couto",
          "score": 2.2
        },
        {
          "name": "Juliano Floss",
          "score": 2.05
        },
        {
          "name": "Leandro",
          "score": 1.7
        }
      ],
      "top_hate": [
        {
          "name": "Jonas Sulzbach",
          "score": -7.16
        },
        {
          "name": "Ana Paula Renault",
          "score": -5.17
        },
        {
          "name": "Gabriela",
          "score": -4.98
        }
      ]
    },
    {
      "name": "Breno",
      "grupo": "Pipoca",
      "cluster": 1,
      "avg_received": -1.7207,
      "std_received": 3.021,
      "contradictions": 2,
      "pos_received": 5.1275,
      "top_love": [
        {
          "name": "Babu Santana",
          "score": 1.21
        },
        {
          "name": "Leandro",
          "score": 1.03
        },
        {
          "name": "Chaiany",
          "score": 0.93
        }
      ],
      "top_hate": [
        {
          "name": "Jordana",
          "score": -7.87
        },
        {
          "name": "Alberto Cowboy",
          "score": -7.1
        },
        {
          "name": "Marciele",
          "score": -4.57
        }
      ]
    },
    {
      "name": "Chaiany",
      "grupo": "Pipoca",
      "cluster": 1,
      "avg_received": 0.0175,
      "std_received": 1.9405,
      "contradictions": 4,
      "pos_received": 11.025,
      "top_love": [
        {
          "name": "Gabriela",
          "score": 3.31
        },
        {
          "name": "Leandro",
          "score": 2.0
        },
        {
          "name": "Breno",
          "score": 1.5
        }
      ],
      "top_hate": [
        {
          "name": "Alberto Cowboy",
          "score": -3.77
        },
        {
          "name": "Milena",
          "score": -2.75
        },
        {
          "name": "Ana Paula Renault",
          "score": -1.46
        }
      ]
    },
    {
      "name": "Gabriela",
      "grupo": "Pipoca",
      "cluster": 1,
      "avg_received": -0.8612,
      "std_received": 2.1188,
      "contradictions": 9,
      "pos_received": 7.3,
      "top_love": [
        {
          "name": "Chaiany",
          "score": 3.31
        },
        {
          "name": "Jonas Sulzbach",
          "score": 1.3
        },
        {
          "name": "Jordana",
          "score": 0.95
        }
      ],
      "top_hate": [
        {
          "name": "Babu Santana",
          "score": -3.91
        },
        {
          "name": "Leandro",
          "score": -3.9
        },
        {
          "name": "Solange Couto",
          "score": -2.85
        }
      ]
    },
    {
      "name": "Jonas Sulzbach",
      "grupo": "Veterano",
      "cluster": 2,
      "avg_received": -1.994,
      "std_received": 3.4367,
      "contradictions": 0,
      "pos_received": 6.96,
      "top_love": [
        {
          "name": "Alberto Cowboy",
          "score": 3.01
        },
        {
          "name": "Gabriela",
          "score": 1.2
        },
        {
          "name": "Jordana",
          "score": 1.2
        }
      ],
      "top_hate": [
        {
          "name": "Babu Santana",
          "score": -8.78
        },
        {
          "name": "Milena",
          "score": -5.96
        },
        {
          "name": "Juliano Floss",
          "score": -5.43
        }
      ]
    },
    {
      "name": "Jordana",
      "grupo": "Pipoca",
      "cluster": 2,
      "avg_received": -3.1605,
      "std_received": 3.3203,
      "contradictions": 4,
      "pos_received": 5.45,
      "top_love": [
        {
          "name": "Alberto Cowboy",
          "score": 1.65
        },
        {
          "name": "Marciele",
          "score": 1.5
        },
        {
          "name": "Jonas Sulzbach",
          "score": 1.2
        }
      ],
      "top_hate": [
        {
          "name": "Samira",
          "score": -8.09
        },
        {
          "name": "Breno",
          "score": -7.29
        },
        {
          "name": "Chaiany",
          "score": -5.65
        }
      ]
    },
    {
      "name": "Juliano Floss",
      "grupo": "Camarote",
      "cluster": 1,
      "avg_received": -1.295,
      "std_received": 3.0332,
      "contradictions": 2,
      "pos_received": 7.61,
      "top_love": [
        {
          "name": "Babu Santana",
          "score": 1.4
        },
        {
          "name": "Leandro",
          "score": 1.3
        },
        {
          "name": "Breno",
          "score": 1.1
        }
      ],
      "top_hate": [
        {
          "name": "Marciele",
          "score": -8.08
        },
        {
          "name": "Alberto Cowboy",
          "score": -5.8
        },
        {
          "name": "Jonas Sulzbach",
          "score": -3.88
        }
      ]
    },
    {
      "name": "Leandro",
      "grupo": "Pipoca",
      "cluster": 1,
      "avg_received": -1.7715,
      "std_received": 3.2554,
      "contradictions": 0,
      "pos_received": 6.4,
      "top_love": [
        {
          "name": "Babu Santana",
          "score": 1.5
        },
        {
          "name": "Solange Couto",
          "score": 1.3
        },
        {
          "name": "Breno",
          "score": 1.2
        }
      ],
      "top_hate": [
        {
          "name": "Alberto Cowboy",
          "score": -10.22
        },
        {
          "name": "Gabriela",
          "score": -4.59
        },
        {
          "name": "Jordana",
          "score": -4.03
        }
      ]
    },
    {
      "name": "Marciele",
      "grupo": "Pipoca",
      "cluster": 2,
      "avg_received": -1.6096,
      "std_received": 2.281,
      "contradictions": 3,
      "pos_received": 5.9,
      "top_love": [
        {
          "name": "Jordana",
          "score": 2.0
        },
        {
          "name": "Jonas Sulzbach",
          "score": 1.65
        },
        {
          "name": "Alberto Cowboy",
          "score": 1.55
        }
      ],
      "top_hate": [
        {
          "name": "Juliano Floss",
          "score": -5.44
        },
        {
          "name": "Breno",
          "score": -3.97
        },
        {
          "name": "Chaiany",
          "score": -3.15
        }
      ]
    },
    {
      "name": "Milena",
      "grupo": "Pipoca",
      "cluster": 1,
      "avg_received": -1.8318,
      "std_received": 3.398,
      "contradictions": 0,
      "pos_received": 6.803,
      "top_love": [
        {
          "name": "Ana Paula Renault",
          "score": 2.2
        },
        {
          "name": "Juliano Floss",
          "score": 2.12
        },
        {
          "name": "Samira",
          "score": 1.92
        }
      ],
      "top_hate": [
        {
          "name": "Alberto Cowboy",
          "score": -9.2
        },
        {
          "name": "Jonas Sulzbach",
          "score": -7.89
        },
        {
          "name": "Jordana",
          "score": -3.14
        }
      ]
    },
    {
      "name": "Samira",
      "grupo": "Pipoca",
      "cluster": 1,
      "avg_received": -1.3905,
      "std_received": 1.9689,
      "contradictions": 2,
      "pos_received": 2.24,
      "top_love": [
        {
          "name": "Breno",
          "score": 1.7
        },
        {
          "name": "Milena",
          "score": 0.54
        },
        {
          "name": "Chaiany",
          "score": 0.0
        }
      ],
      "top_hate": [
        {
          "name": "Jordana",
          "score": -5.94
        },
        {
          "name": "Marciele",
          "score": -4.16
        },
        {
          "name": "Alberto Cowboy",
          "score": -2.93
        }
      ]
    },
    {
      "name": "Solange Couto",
      "grupo": "Camarote",
      "cluster": 1,
      "avg_received": -0.3996,
      "std_received": 1.589,
      "contradictions": 10,
      "pos_received": 7.305,
      "top_love": [
        {
          "name": "Babu Santana",
          "score": 2.4
        },
        {
          "name": "Chaiany",
          "score": 1.45
        },
        {
          "name": "Leandro",
          "score": 1.2
        }
      ],
      "top_hate": [
        {
          "name": "Jordana",
          "score": -2.51
        },
        {
          "name": "Gabriela",
          "score": -2.32
        },
        {
          "name": "Marciele",
          "score": -1.85
        }
      ]
    }
  ],
  "score_matrix_ordered": [
    [
      0.0,
      0.8075,
      1.215,
      1.6,
      1.475,
      1.475,
      0.45,
      -2.3395,
      -1.0945,
      3.31,
      -1.965,
      -0.425,
      -1.9337,
      -3.465
    ],
    [
      0.8075,
      0.0,
      1.015,
      1.25,
      0.6925,
      1.725,
      -1.563,
      1.468,
      1.088,
      -2.3575,
      -5.5762,
      -4.653,
      -6.76,
      -2.57
    ],
    [
      1.215,
      1.015,
      0.0,
      1.115,
      0.75,
      1.1787,
      1.115,
      -1.51,
      -1.73,
      -0.01,
      -7.928,
      -2.6225,
      -4.2675,
      -7.578
    ],
    [
      1.6,
      1.25,
      1.115,
      0.0,
      1.25,
      1.6,
      -1.625,
      -0.232,
      -0.362,
      -4.245,
      -10.748,
      -4.42,
      -2.85,
      -4.315
    ],
    [
      1.475,
      0.6925,
      0.75,
      1.25,
      0.0,
      2.3,
      -1.475,
      -2.195,
      -0.91,
      -2.585,
      -1.98,
      0.645,
      -1.71,
      -2.765
    ],
    [
      1.475,
      1.725,
      1.1787,
      1.6,
      2.3,
      0.0,
      -0.5175,
      -1.7745,
      -3.9832,
      -4.445,
      -2.655,
      -7.966,
      -1.9275,
      -3.5425
    ],
    [
      0.45,
      -1.563,
      1.115,
      -1.625,
      -1.475,
      -0.5175,
      0.0,
      1.23,
      0.445,
      -0.9675,
      -3.885,
      -1.24,
      -3.16,
      -7.0155
    ],
    [
      -2.3395,
      1.468,
      -1.51,
      -0.232,
      -2.195,
      -1.7745,
      1.23,
      0.0,
      2.2,
      -2.502,
      -8.48,
      -6.925,
      -1.57,
      -4.365
    ],
    [
      -1.0945,
      1.088,
      -1.73,
      -0.362,
      -0.91,
      -3.9832,
      0.445,
      2.2,
      0.0,
      -1.812,
      -5.252,
      -3.687,
      -2.5725,
      -3.295
    ],
    [
      3.31,
      -2.3575,
      -0.01,
      -4.245,
      -2.585,
      -4.445,
      -0.9675,
      -2.502,
      -1.812,
      0.0,
      -0.35,
      1.25,
      -0.19,
      1.025
    ],
    [
      -1.965,
      -5.5762,
      -7.928,
      -10.748,
      -1.98,
      -2.655,
      -3.885,
      -8.48,
      -5.252,
      -0.35,
      0.0,
      2.68,
      1.425,
      1.475
    ],
    [
      -0.425,
      -4.653,
      -2.6225,
      -4.42,
      0.645,
      -7.966,
      -1.24,
      -6.925,
      -3.687,
      1.25,
      2.68,
      0.0,
      1.425,
      1.2
    ],
    [
      -1.9337,
      -6.76,
      -4.2675,
      -2.85,
      -1.71,
      -1.9275,
      -3.16,
      -1.57,
      -2.5725,
      -0.19,
      1.425,
      1.425,
      0.0,
      1.75
    ],
    [
      -3.465,
      -2.57,
      -7.578,
      -4.315,
      -2.765,
      -3.5425,
      -7.0155,
      -4.365,
      -3.295,
      1.025,
      1.475,
      1.2,
      1.75,
      0.0
    ]
  ],
  "vote_matrix_ordered": [
    [
      0.0,
      0.7143,
      0.7143,
      0.7143,
      0.4286,
      0.6667,
      0.3333,
      0.5714,
      0.5,
      0.0,
      0.0,
      0.0,
      0.0,
      0.0
    ],
    [
      0.7143,
      0.0,
      0.8571,
      0.8571,
      0.5714,
      1.0,
      0.5,
      0.7143,
      0.6667,
      0.0,
      0.0,
      0.0,
      0.0,
      0.0
    ],
    [
      0.7143,
      0.8571,
      0.0,
      0.8571,
      0.7143,
      0.8333,
      0.6667,
      0.8571,
      0.8333,
      0.1429,
      0.0,
      0.3333,
      0.0,
      0.0
    ],
    [
      0.7143,
      0.8571,
      0.8571,
      0.0,
      0.5714,
      0.8333,
      0.5,
      0.7143,
      0.6667,
      0.0,
      0.0,
      0.0,
      0.0,
      0.0
    ],
    [
      0.4286,
      0.5714,
      0.7143,
      0.5714,
      0.0,
      0.6667,
      0.6667,
      0.5714,
      0.6667,
      0.1429,
      0.0,
      0.3333,
      0.0,
      0.0
    ],
    [
      0.6667,
      1.0,
      0.8333,
      0.8333,
      0.6667,
      0.0,
      0.6,
      0.6667,
      0.6667,
      0.0,
      0.0,
      0.0,
      0.0,
      0.0
    ],
    [
      0.3333,
      0.5,
      0.6667,
      0.5,
      0.6667,
      0.6,
      0.0,
      0.6667,
      0.8,
      0.3333,
      0.25,
      1.0,
      0.3333,
      0.1667
    ],
    [
      0.5714,
      0.7143,
      0.8571,
      0.7143,
      0.5714,
      0.6667,
      0.6667,
      0.0,
      1.0,
      0.1429,
      0.0,
      0.3333,
      0.0,
      0.0
    ],
    [
      0.5,
      0.6667,
      0.8333,
      0.6667,
      0.6667,
      0.6667,
      0.8,
      1.0,
      0.0,
      0.1667,
      0.0,
      0.3333,
      0.0,
      0.0
    ],
    [
      0.0,
      0.0,
      0.1429,
      0.0,
      0.1429,
      0.0,
      0.3333,
      0.1429,
      0.1667,
      0.0,
      0.8,
      1.0,
      0.5714,
      0.5714
    ],
    [
      0.0,
      0.0,
      0.0,
      0.0,
      0.0,
      0.0,
      0.25,
      0.0,
      0.0,
      0.8,
      0.0,
      1.0,
      0.8,
      0.8
    ],
    [
      0.0,
      0.0,
      0.3333,
      0.0,
      0.3333,
      0.0,
      1.0,
      0.3333,
      0.3333,
      1.0,
      1.0,
      0.0,
      0.6667,
      0.6667
    ],
    [
      0.0,
      0.0,
      0.0,
      0.0,
      0.0,
      0.0,
      0.3333,
      0.0,
      0.0,
      0.5714,
      0.8,
      0.6667,
      0.0,
      0.7143
    ],
    [
      0.0,
      0.0,
      0.0,
      0.0,
      0.0,
      0.0,
      0.1667,
      0.0,
      0.0,
      0.5714,
      0.8,
      0.6667,
      0.7143,
      0.0
    ]
  ]
}