{
  "_metadata": {
    "generated_at": "2026-03-07T14:27:57.183757+00:00",
    "date": "2026-03-07",
    "week": 7,
    "reference_date": "2026-03-07",
    "n_active": 14,
    "n_clusters": 2,
    "n_paredoes": 7,
    "n_contradictions": 27,
    "n_tensions": 1,
    "silhouette_coefficient": 0.409,
    "resolution_used": 0.5,
    "best_cohesion": {
      "label": 2,
      "name": "Aliança Grupo Misto",
      "score": 1.6592
    },
    "worst_rivalry": {
      "key": "1<>2",
      "score": -3.6337,
      "text": "Frente Grupo Misto vs Aliança Grupo Misto"
    }
  },
  "active_names": [
    "Alberto Cowboy",
    "Ana Paula Renault",
    "Babu Santana",
    "Breno",
    "Chaiany",
    "Gabriela",
    "Jonas Sulzbach",
    "Jordana",
    "Juliano Floss",
    "Leandro",
    "Marciele",
    "Milena",
    "Samira",
    "Solange Couto"
  ],
  "cluster_order": [
    "Chaiany",
    "Juliano Floss",
    "Breno",
    "Leandro",
    "Solange Couto",
    "Babu Santana",
    "Samira",
    "Milena",
    "Ana Paula Renault",
    "Gabriela",
    "Alberto Cowboy",
    "Jonas Sulzbach",
    "Marciele",
    "Jordana"
  ],
  "communities": [
    {
      "label": 1,
      "name": "Frente Grupo Misto",
      "color": "#e74c3c",
      "members": [
        "Ana Paula Renault",
        "Babu Santana",
        "Breno",
        "Chaiany",
        "Gabriela",
        "Juliano Floss",
        "Leandro",
        "Milena",
        "Samira",
        "Solange Couto"
      ],
      "group_composition": {
        "Pipoca": 6,
        "Veterano": 2,
        "Camarote": 2
      },
      "cohesion": -0.2307,
      "best_external": {
        "label": 2,
        "name": "Aliança Grupo Misto",
        "score": -3.6337
      },
      "worst_external": {
        "label": 2,
        "name": "Aliança Grupo Misto",
        "score": -3.6337
      }
    },
    {
      "label": 2,
      "name": "Aliança Grupo Misto",
      "color": "#3498db",
      "members": [
        "Alberto Cowboy",
        "Jonas Sulzbach",
        "Jordana",
        "Marciele"
      ],
      "group_composition": {
        "Veterano": 2,
        "Pipoca": 2
      },
      "cohesion": 1.6592,
      "best_external": {
        "label": 1,
        "name": "Frente Grupo Misto",
        "score": -3.6337
      },
      "worst_external": {
        "label": 1,
        "name": "Frente Grupo Misto",
        "score": -3.6337
      }
    }
  ],
  "inter_cluster": [
    {
      "cluster_a": 1,
      "cluster_b": 2,
      "name_a": "Frente Grupo Misto",
      "name_b": "Aliança Grupo Misto",
      "score_sym": -3.6337,
      "score_a_to_b": -3.9287,
      "score_b_to_a": -3.3386,
      "vote_alignment": 0.1507
    }
  ],
  "polarization": [
    {
      "name": "Alberto Cowboy",
      "grupo": "Veterano",
      "cluster": 2,
      "avg_received": -3.7013,
      "std_received": 4.068,
      "contradictions": 2,
      "pos_received": 4.95,
      "top_love": [
        {
          "name": "Jonas Sulzbach",
          "score": 2.35
        },
        {
          "name": "Jordana",
          "score": 1.3
        },
        {
          "name": "Marciele",
          "score": 1.3
        }
      ],
      "top_hate": [
        {
          "name": "Leandro",
          "score": -11.28
        },
        {
          "name": "Breno",
          "score": -8.76
        },
        {
          "name": "Milena",
          "score": -7.76
        }
      ]
    },
    {
      "name": "Ana Paula Renault",
      "grupo": "Veterano",
      "cluster": 1,
      "avg_received": -1.0714,
      "std_received": 1.9393,
      "contradictions": 0,
      "pos_received": 5.406,
      "top_love": [
        {
          "name": "Milena",
          "score": 2.2
        },
        {
          "name": "Samira",
          "score": 1.85
        },
        {
          "name": "Juliano Floss",
          "score": 1.36
        }
      ],
      "top_hate": [
        {
          "name": "Alberto Cowboy",
          "score": -4.56
        },
        {
          "name": "Jonas Sulzbach",
          "score": -3.19
        },
        {
          "name": "Babu Santana",
          "score": -2.85
        }
      ]
    },
    {
      "name": "Babu Santana",
      "grupo": "Veterano",
      "cluster": 1,
      "avg_received": -1.243,
      "std_received": 2.986,
      "contradictions": 0,
      "pos_received": 8.84,
      "top_love": [
        {
          "name": "Solange Couto",
          "score": 2.2
        },
        {
          "name": "Juliano Floss",
          "score": 2.14
        },
        {
          "name": "Leandro",
          "score": 1.7
        }
      ],
      "top_hate": [
        {
          "name": "Jonas Sulzbach",
          "score": -6.75
        },
        {
          "name": "Ana Paula Renault",
          "score": -5.2
        },
        {
          "name": "Gabriela",
          "score": -4.98
        }
      ]
    },
    {
      "name": "Breno",
      "grupo": "Pipoca",
      "cluster": 1,
      "avg_received": -1.643,
      "std_received": 2.932,
      "contradictions": 1,
      "pos_received": 5.1075,
      "top_love": [
        {
          "name": "Babu Santana",
          "score": 1.07
        },
        {
          "name": "Leandro",
          "score": 0.89
        },
        {
          "name": "Samira",
          "score": 0.82
        }
      ],
      "top_hate": [
        {
          "name": "Jordana",
          "score": -7.73
        },
        {
          "name": "Alberto Cowboy",
          "score": -6.64
        },
        {
          "name": "Marciele",
          "score": -4.5
        }
      ]
    },
    {
      "name": "Chaiany",
      "grupo": "Pipoca",
      "cluster": 1,
      "avg_received": -0.029,
      "std_received": 2.0246,
      "contradictions": 4,
      "pos_received": 11.19,
      "top_love": [
        {
          "name": "Gabriela",
          "score": 3.31
        },
        {
          "name": "Leandro",
          "score": 2.0
        },
        {
          "name": "Breno",
          "score": 1.5
        }
      ],
      "top_hate": [
        {
          "name": "Alberto Cowboy",
          "score": -4.13
        },
        {
          "name": "Jordana",
          "score": -2.48
        },
        {
          "name": "Milena",
          "score": -2.25
        }
      ]
    },
    {
      "name": "Gabriela",
      "grupo": "Pipoca",
      "cluster": 1,
      "avg_received": -1.1135,
      "std_received": 2.1053,
      "contradictions": 3,
      "pos_received": 6.6,
      "top_love": [
        {
          "name": "Chaiany",
          "score": 3.31
        },
        {
          "name": "Jonas Sulzbach",
          "score": 1.3
        },
        {
          "name": "Jordana",
          "score": 1.04
        }
      ],
      "top_hate": [
        {
          "name": "Leandro",
          "score": -3.9
        },
        {
          "name": "Solange Couto",
          "score": -3.83
        },
        {
          "name": "Babu Santana",
          "score": -3.19
        }
      ]
    },
    {
      "name": "Jonas Sulzbach",
      "grupo": "Veterano",
      "cluster": 2,
      "avg_received": -2.0198,
      "std_received": 3.4214,
      "contradictions": 0,
      "pos_received": 6.48,
      "top_love": [
        {
          "name": "Alberto Cowboy",
          "score": 3.01
        },
        {
          "name": "Jordana",
          "score": 1.2
        },
        {
          "name": "Marciele",
          "score": 1.2
        }
      ],
      "top_hate": [
        {
          "name": "Babu Santana",
          "score": -8.78
        },
        {
          "name": "Milena",
          "score": -5.96
        },
        {
          "name": "Juliano Floss",
          "score": -5.58
        }
      ]
    },
    {
      "name": "Jordana",
      "grupo": "Pipoca",
      "cluster": 2,
      "avg_received": -3.2274,
      "std_received": 3.3724,
      "contradictions": 3,
      "pos_received": 5.54,
      "top_love": [
        {
          "name": "Alberto Cowboy",
          "score": 1.65
        },
        {
          "name": "Marciele",
          "score": 1.5
        },
        {
          "name": "Jonas Sulzbach",
          "score": 1.2
        }
      ],
      "top_hate": [
        {
          "name": "Samira",
          "score": -8.09
        },
        {
          "name": "Breno",
          "score": -7.38
        },
        {
          "name": "Chaiany",
          "score": -6.22
        }
      ]
    },
    {
      "name": "Juliano Floss",
      "grupo": "Camarote",
      "cluster": 1,
      "avg_received": -1.408,
      "std_received": 3.1192,
      "contradictions": 0,
      "pos_received": 7.88,
      "top_love": [
        {
          "name": "Babu Santana",
          "score": 1.4
        },
        {
          "name": "Breno",
          "score": 1.34
        },
        {
          "name": "Leandro",
          "score": 1.3
        }
      ],
      "top_hate": [
        {
          "name": "Marciele",
          "score": -8.08
        },
        {
          "name": "Alberto Cowboy",
          "score": -5.8
        },
        {
          "name": "Gabriela",
          "score": -4.55
        }
      ]
    },
    {
      "name": "Leandro",
      "grupo": "Pipoca",
      "cluster": 1,
      "avg_received": -1.7815,
      "std_received": 3.2643,
      "contradictions": 0,
      "pos_received": 6.4,
      "top_love": [
        {
          "name": "Babu Santana",
          "score": 1.5
        },
        {
          "name": "Solange Couto",
          "score": 1.3
        },
        {
          "name": "Breno",
          "score": 1.2
        }
      ],
      "top_hate": [
        {
          "name": "Alberto Cowboy",
          "score": -10.22
        },
        {
          "name": "Gabriela",
          "score": -4.59
        },
        {
          "name": "Jordana",
          "score": -4.18
        }
      ]
    },
    {
      "name": "Marciele",
      "grupo": "Pipoca",
      "cluster": 2,
      "avg_received": -1.6085,
      "std_received": 2.2778,
      "contradictions": 2,
      "pos_received": 5.9,
      "top_love": [
        {
          "name": "Jordana",
          "score": 2.0
        },
        {
          "name": "Jonas Sulzbach",
          "score": 1.65
        },
        {
          "name": "Alberto Cowboy",
          "score": 1.55
        }
      ],
      "top_hate": [
        {
          "name": "Juliano Floss",
          "score": -5.44
        },
        {
          "name": "Breno",
          "score": -4.06
        },
        {
          "name": "Chaiany",
          "score": -3.15
        }
      ]
    },
    {
      "name": "Milena",
      "grupo": "Pipoca",
      "cluster": 1,
      "avg_received": -1.7491,
      "std_received": 3.3789,
      "contradictions": 0,
      "pos_received": 6.942,
      "top_love": [
        {
          "name": "Ana Paula Renault",
          "score": 2.2
        },
        {
          "name": "Juliano Floss",
          "score": 2.12
        },
        {
          "name": "Samira",
          "score": 1.92
        }
      ],
      "top_hate": [
        {
          "name": "Alberto Cowboy",
          "score": -9.2
        },
        {
          "name": "Jonas Sulzbach",
          "score": -7.6
        },
        {
          "name": "Jordana",
          "score": -3.14
        }
      ]
    },
    {
      "name": "Samira",
      "grupo": "Pipoca",
      "cluster": 1,
      "avg_received": -1.3074,
      "std_received": 2.1485,
      "contradictions": 1,
      "pos_received": 2.855,
      "top_love": [
        {
          "name": "Breno",
          "score": 1.08
        },
        {
          "name": "Ana Paula Renault",
          "score": 0.69
        },
        {
          "name": "Babu Santana",
          "score": 0.55
        }
      ],
      "top_hate": [
        {
          "name": "Jordana",
          "score": -6.21
        },
        {
          "name": "Marciele",
          "score": -4.16
        },
        {
          "name": "Alberto Cowboy",
          "score": -3.47
        }
      ]
    },
    {
      "name": "Solange Couto",
      "grupo": "Camarote",
      "cluster": 1,
      "avg_received": -0.5242,
      "std_received": 1.8375,
      "contradictions": 6,
      "pos_received": 7.68,
      "top_love": [
        {
          "name": "Babu Santana",
          "score": 2.4
        },
        {
          "name": "Chaiany",
          "score": 1.45
        },
        {
          "name": "Leandro",
          "score": 1.2
        }
      ],
      "top_hate": [
        {
          "name": "Jordana",
          "score": -3.62
        },
        {
          "name": "Gabriela",
          "score": -3.04
        },
        {
          "name": "Marciele",
          "score": -2.52
        }
      ]
    }
  ],
  "score_matrix_ordered": [
    [
      0.0,
      0.89,
      1.145,
      1.6,
      1.475,
      1.475,
      0.45,
      -2.097,
      -0.7645,
      3.31,
      -2.225,
      -0.395,
      -1.9412,
      -4.355
    ],
    [
      0.89,
      0.0,
      1.065,
      1.25,
      0.895,
      1.77,
      -2.133,
      1.468,
      1.088,
      -2.93,
      -5.5762,
      -4.7305,
      -6.76,
      -2.7075
    ],
    [
      1.145,
      1.065,
      0.0,
      1.045,
      0.875,
      1.1087,
      0.95,
      0.01,
      -1.69,
      -1.48,
      -7.698,
      -2.5875,
      -4.2775,
      -7.553
    ],
    [
      1.6,
      1.25,
      1.045,
      0.0,
      1.25,
      1.6,
      -1.625,
      -0.7345,
      -0.822,
      -4.245,
      -10.748,
      -4.42,
      -2.85,
      -4.3925
    ],
    [
      1.475,
      0.895,
      0.875,
      1.25,
      0.0,
      2.3,
      -1.295,
      -2.14,
      -0.7675,
      -3.44,
      -1.89,
      0.69,
      -2.13,
      -3.4025
    ],
    [
      1.475,
      1.77,
      1.1087,
      1.6,
      2.3,
      0.0,
      0.2425,
      -1.842,
      -4.0282,
      -4.085,
      -2.61,
      -7.761,
      -1.935,
      -3.7475
    ],
    [
      0.45,
      -2.133,
      0.95,
      -1.625,
      -1.295,
      0.2425,
      0.0,
      1.23,
      1.27,
      -1.62,
      -4.395,
      -0.6475,
      -3.16,
      -7.148
    ],
    [
      -2.097,
      1.468,
      0.01,
      -0.7345,
      -2.14,
      -1.842,
      1.23,
      0.0,
      2.2,
      -2.502,
      -8.48,
      -6.78,
      -1.4875,
      -4.38
    ],
    [
      -0.7645,
      1.088,
      -1.69,
      -0.822,
      -0.7675,
      -4.0282,
      1.27,
      2.2,
      0.0,
      -2.1045,
      -5.252,
      -3.687,
      -2.4525,
      -3.09
    ],
    [
      3.31,
      -2.93,
      -1.48,
      -4.245,
      -3.44,
      -4.085,
      -1.62,
      -2.502,
      -2.1045,
      0.0,
      -0.275,
      0.965,
      -0.19,
      1.115
    ],
    [
      -2.225,
      -5.5762,
      -7.698,
      -10.748,
      -1.89,
      -2.61,
      -4.395,
      -8.48,
      -5.252,
      -0.275,
      0.0,
      2.68,
      1.425,
      1.475
    ],
    [
      -0.395,
      -4.7305,
      -2.5875,
      -4.42,
      0.69,
      -7.761,
      -0.6475,
      -6.78,
      -3.687,
      0.965,
      2.68,
      0.0,
      1.425,
      1.2
    ],
    [
      -1.9412,
      -6.76,
      -4.2775,
      -2.85,
      -2.13,
      -1.935,
      -3.16,
      -1.4875,
      -2.4525,
      -0.19,
      1.425,
      1.425,
      0.0,
      1.75
    ],
    [
      -4.355,
      -2.7075,
      -7.553,
      -4.3925,
      -3.4025,
      -3.7475,
      -7.148,
      -4.38,
      -3.09,
      1.115,
      1.475,
      1.2,
      1.75,
      0.0
    ]
  ],
  "vote_matrix_ordered": [
    [
      0.0,
      0.7143,
      0.7143,
      0.7143,
      0.4286,
      0.6667,
      0.3333,
      0.5714,
      0.5,
      0.0,
      0.0,
      0.0,
      0.0,
      0.0
    ],
    [
      0.7143,
      0.0,
      0.8571,
      0.8571,
      0.5714,
      1.0,
      0.5,
      0.7143,
      0.6667,
      0.0,
      0.0,
      0.0,
      0.0,
      0.0
    ],
    [
      0.7143,
      0.8571,
      0.0,
      0.8571,
      0.7143,
      0.8333,
      0.6667,
      0.8571,
      0.8333,
      0.1429,
      0.0,
      0.3333,
      0.0,
      0.0
    ],
    [
      0.7143,
      0.8571,
      0.8571,
      0.0,
      0.5714,
      0.8333,
      0.5,
      0.7143,
      0.6667,
      0.0,
      0.0,
      0.0,
      0.0,
      0.0
    ],
    [
      0.4286,
      0.5714,
      0.7143,
      0.5714,
      0.0,
      0.6667,
      0.6667,
      0.5714,
      0.6667,
      0.1429,
      0.0,
      0.3333,
      0.0,
      0.0
    ],
    [
      0.6667,
      1.0,
      0.8333,
      0.8333,
      0.6667,
      0.0,
      0.6,
      0.6667,
      0.6667,
      0.0,
      0.0,
      0.0,
      0.0,
      0.0
    ],
    [
      0.3333,
      0.5,
      0.6667,
      0.5,
      0.6667,
      0.6,
      0.0,
      0.6667,
      0.8,
      0.3333,
      0.25,
      1.0,
      0.3333,
      0.1667
    ],
    [
      0.5714,
      0.7143,
      0.8571,
      0.7143,
      0.5714,
      0.6667,
      0.6667,
      0.0,
      1.0,
      0.1429,
      0.0,
      0.3333,
      0.0,
      0.0
    ],
    [
      0.5,
      0.6667,
      0.8333,
      0.6667,
      0.6667,
      0.6667,
      0.8,
      1.0,
      0.0,
      0.1667,
      0.0,
      0.3333,
      0.0,
      0.0
    ],
    [
      0.0,
      0.0,
      0.1429,
      0.0,
      0.1429,
      0.0,
      0.3333,
      0.1429,
      0.1667,
      0.0,
      0.8,
      1.0,
      0.5714,
      0.5714
    ],
    [
      0.0,
      0.0,
      0.0,
      0.0,
      0.0,
      0.0,
      0.25,
      0.0,
      0.0,
      0.8,
      0.0,
      1.0,
      0.8,
      0.8
    ],
    [
      0.0,
      0.0,
      0.3333,
      0.0,
      0.3333,
      0.0,
      1.0,
      0.3333,
      0.3333,
      1.0,
      1.0,
      0.0,
      0.6667,
      0.6667
    ],
    [
      0.0,
      0.0,
      0.0,
      0.0,
      0.0,
      0.0,
      0.3333,
      0.0,
      0.0,
      0.5714,
      0.8,
      0.6667,
      0.0,
      0.7143
    ],
    [
      0.0,
      0.0,
      0.0,
      0.0,
      0.0,
      0.0,
      0.1667,
      0.0,
      0.0,
      0.5714,
      0.8,
      0.6667,
      0.7143,
      0.0
    ]
  ]
}