{
  "_metadata": {
    "generated_at": "2026-02-25T02:47:23.235030+00:00",
    "date": "2026-02-24",
    "week": 7,
    "reference_date": "2026-02-24",
    "n_active": 14,
    "n_clusters": 2,
    "n_paredoes": 6,
    "n_contradictions": 28,
    "n_tensions": 1,
    "silhouette_coefficient": 0.4369,
    "resolution_used": 0.5,
    "best_cohesion": {
      "label": 2,
      "name": "Aliança Grupo Misto",
      "score": 1.5542
    },
    "worst_rivalry": {
      "key": "1<>2",
      "score": -3.1947,
      "text": "Grupo Misto vs Aliança Grupo Misto"
    }
  },
  "active_names": [
    "Alberto Cowboy",
    "Ana Paula Renault",
    "Babu Santana",
    "Breno",
    "Chaiany",
    "Gabriela",
    "Jonas Sulzbach",
    "Jordana",
    "Juliano Floss",
    "Leandro",
    "Marciele",
    "Milena",
    "Samira",
    "Solange Couto"
  ],
  "cluster_order": [
    "Chaiany",
    "Breno",
    "Babu Santana",
    "Juliano Floss",
    "Leandro",
    "Milena",
    "Solange Couto",
    "Ana Paula Renault",
    "Samira",
    "Gabriela",
    "Alberto Cowboy",
    "Jonas Sulzbach",
    "Marciele",
    "Jordana"
  ],
  "communities": [
    {
      "label": 1,
      "name": "Grupo Misto",
      "color": "#e74c3c",
      "members": [
        "Ana Paula Renault",
        "Babu Santana",
        "Breno",
        "Chaiany",
        "Gabriela",
        "Juliano Floss",
        "Leandro",
        "Milena",
        "Samira",
        "Solange Couto"
      ],
      "group_composition": {
        "Pipoca": 6,
        "Veterano": 2,
        "Camarote": 2
      },
      "cohesion": 0.207,
      "best_external": {
        "label": 2,
        "name": "Aliança Grupo Misto",
        "score": -3.1947
      },
      "worst_external": {
        "label": 2,
        "name": "Aliança Grupo Misto",
        "score": -3.1947
      }
    },
    {
      "label": 2,
      "name": "Aliança Grupo Misto",
      "color": "#3498db",
      "members": [
        "Alberto Cowboy",
        "Jonas Sulzbach",
        "Jordana",
        "Marciele"
      ],
      "group_composition": {
        "Veterano": 2,
        "Pipoca": 2
      },
      "cohesion": 1.5542,
      "best_external": {
        "label": 1,
        "name": "Grupo Misto",
        "score": -3.1947
      },
      "worst_external": {
        "label": 1,
        "name": "Grupo Misto",
        "score": -3.1947
      }
    }
  ],
  "inter_cluster": [
    {
      "cluster_a": 1,
      "cluster_b": 2,
      "name_a": "Grupo Misto",
      "name_b": "Aliança Grupo Misto",
      "score_sym": -3.1947,
      "score_a_to_b": -3.3983,
      "score_b_to_a": -2.9911,
      "vote_alignment": 0.1625
    }
  ],
  "polarization": [
    {
      "name": "Alberto Cowboy",
      "grupo": "Veterano",
      "cluster": 2,
      "avg_received": -3.4305,
      "std_received": 3.8126,
      "contradictions": 1,
      "pos_received": 4.95,
      "top_love": [
        {
          "name": "Jonas Sulzbach",
          "score": 2.35
        },
        {
          "name": "Jordana",
          "score": 1.3
        },
        {
          "name": "Marciele",
          "score": 1.3
        }
      ],
      "top_hate": [
        {
          "name": "Leandro",
          "score": -11.28
        },
        {
          "name": "Milena",
          "score": -7.76
        },
        {
          "name": "Ana Paula Renault",
          "score": -5.94
        }
      ]
    },
    {
      "name": "Ana Paula Renault",
      "grupo": "Veterano",
      "cluster": 1,
      "avg_received": -0.5683,
      "std_received": 1.6522,
      "contradictions": 0,
      "pos_received": 6.162,
      "top_love": [
        {
          "name": "Milena",
          "score": 2.2
        },
        {
          "name": "Samira",
          "score": 1.8
        },
        {
          "name": "Juliano Floss",
          "score": 1.36
        }
      ],
      "top_hate": [
        {
          "name": "Alberto Cowboy",
          "score": -3.12
        },
        {
          "name": "Jonas Sulzbach",
          "score": -2.54
        },
        {
          "name": "Marciele",
          "score": -2.28
        }
      ]
    },
    {
      "name": "Babu Santana",
      "grupo": "Veterano",
      "cluster": 1,
      "avg_received": -0.5945,
      "std_received": 2.7807,
      "contradictions": 0,
      "pos_received": 9.17,
      "top_love": [
        {
          "name": "Juliano Floss",
          "score": 2.2
        },
        {
          "name": "Solange Couto",
          "score": 2.2
        },
        {
          "name": "Leandro",
          "score": 1.7
        }
      ],
      "top_hate": [
        {
          "name": "Jonas Sulzbach",
          "score": -7.51
        },
        {
          "name": "Gabriela",
          "score": -4.98
        },
        {
          "name": "Jordana",
          "score": -2.47
        }
      ]
    },
    {
      "name": "Breno",
      "grupo": "Pipoca",
      "cluster": 1,
      "avg_received": -0.0767,
      "std_received": 1.3727,
      "contradictions": 1,
      "pos_received": 8.0775,
      "top_love": [
        {
          "name": "Samira",
          "score": 1.3
        },
        {
          "name": "Babu Santana",
          "score": 1.28
        },
        {
          "name": "Gabriela",
          "score": 1.2
        }
      ],
      "top_hate": [
        {
          "name": "Alberto Cowboy",
          "score": -2.14
        },
        {
          "name": "Milena",
          "score": -1.86
        },
        {
          "name": "Marciele",
          "score": -1.77
        }
      ]
    },
    {
      "name": "Chaiany",
      "grupo": "Pipoca",
      "cluster": 1,
      "avg_received": -0.0037,
      "std_received": 2.0746,
      "contradictions": 4,
      "pos_received": 11.61,
      "top_love": [
        {
          "name": "Gabriela",
          "score": 3.31
        },
        {
          "name": "Leandro",
          "score": 2.0
        },
        {
          "name": "Breno",
          "score": 1.5
        }
      ],
      "top_hate": [
        {
          "name": "Alberto Cowboy",
          "score": -4.4
        },
        {
          "name": "Jordana",
          "score": -2.54
        },
        {
          "name": "Jonas Sulzbach",
          "score": -2.0
        }
      ]
    },
    {
      "name": "Gabriela",
      "grupo": "Pipoca",
      "cluster": 1,
      "avg_received": -0.9065,
      "std_received": 1.999,
      "contradictions": 6,
      "pos_received": 5.33,
      "top_love": [
        {
          "name": "Chaiany",
          "score": 3.16
        },
        {
          "name": "Jonas Sulzbach",
          "score": 1.3
        },
        {
          "name": "Breno",
          "score": 0.64
        }
      ],
      "top_hate": [
        {
          "name": "Solange Couto",
          "score": -4.04
        },
        {
          "name": "Babu Santana",
          "score": -3.85
        },
        {
          "name": "Leandro",
          "score": -3.1
        }
      ]
    },
    {
      "name": "Jonas Sulzbach",
      "grupo": "Veterano",
      "cluster": 2,
      "avg_received": -2.1636,
      "std_received": 3.299,
      "contradictions": 0,
      "pos_received": 5.94,
      "top_love": [
        {
          "name": "Alberto Cowboy",
          "score": 2.05
        },
        {
          "name": "Gabriela",
          "score": 1.2
        },
        {
          "name": "Jordana",
          "score": 1.2
        }
      ],
      "top_hate": [
        {
          "name": "Babu Santana",
          "score": -8.78
        },
        {
          "name": "Milena",
          "score": -5.96
        },
        {
          "name": "Juliano Floss",
          "score": -5.64
        }
      ]
    },
    {
      "name": "Jordana",
      "grupo": "Pipoca",
      "cluster": 2,
      "avg_received": -2.7362,
      "std_received": 2.717,
      "contradictions": 2,
      "pos_received": 4.88,
      "top_love": [
        {
          "name": "Alberto Cowboy",
          "score": 1.5
        },
        {
          "name": "Marciele",
          "score": 1.5
        },
        {
          "name": "Jonas Sulzbach",
          "score": 1.2
        }
      ],
      "top_hate": [
        {
          "name": "Chaiany",
          "score": -5.48
        },
        {
          "name": "Babu Santana",
          "score": -5.19
        },
        {
          "name": "Milena",
          "score": -5.04
        }
      ]
    },
    {
      "name": "Juliano Floss",
      "grupo": "Camarote",
      "cluster": 1,
      "avg_received": -1.3969,
      "std_received": 2.9221,
      "contradictions": 2,
      "pos_received": 6.54,
      "top_love": [
        {
          "name": "Babu Santana",
          "score": 1.4
        },
        {
          "name": "Leandro",
          "score": 1.3
        },
        {
          "name": "Breno",
          "score": 1.1
        }
      ],
      "top_hate": [
        {
          "name": "Marciele",
          "score": -7.76
        },
        {
          "name": "Alberto Cowboy",
          "score": -5.71
        },
        {
          "name": "Jonas Sulzbach",
          "score": -3.85
        }
      ]
    },
    {
      "name": "Leandro",
      "grupo": "Pipoca",
      "cluster": 1,
      "avg_received": -1.5254,
      "std_received": 3.3656,
      "contradictions": 0,
      "pos_received": 7.84,
      "top_love": [
        {
          "name": "Babu Santana",
          "score": 1.5
        },
        {
          "name": "Solange Couto",
          "score": 1.3
        },
        {
          "name": "Breno",
          "score": 1.2
        }
      ],
      "top_hate": [
        {
          "name": "Alberto Cowboy",
          "score": -10.22
        },
        {
          "name": "Jordana",
          "score": -4.35
        },
        {
          "name": "Gabriela",
          "score": -4.22
        }
      ]
    },
    {
      "name": "Marciele",
      "grupo": "Pipoca",
      "cluster": 2,
      "avg_received": -0.6915,
      "std_received": 1.5841,
      "contradictions": 1,
      "pos_received": 5.75,
      "top_love": [
        {
          "name": "Jordana",
          "score": 2.0
        },
        {
          "name": "Jonas Sulzbach",
          "score": 1.65
        },
        {
          "name": "Alberto Cowboy",
          "score": 1.4
        }
      ],
      "top_hate": [
        {
          "name": "Ana Paula Renault",
          "score": -3.17
        },
        {
          "name": "Juliano Floss",
          "score": -2.6
        },
        {
          "name": "Samira",
          "score": -2.16
        }
      ]
    },
    {
      "name": "Milena",
      "grupo": "Pipoca",
      "cluster": 1,
      "avg_received": -1.3706,
      "std_received": 3.4136,
      "contradictions": 1,
      "pos_received": 8.908,
      "top_love": [
        {
          "name": "Ana Paula Renault",
          "score": 2.2
        },
        {
          "name": "Juliano Floss",
          "score": 2.12
        },
        {
          "name": "Babu Santana",
          "score": 2.02
        }
      ],
      "top_hate": [
        {
          "name": "Alberto Cowboy",
          "score": -9.2
        },
        {
          "name": "Jonas Sulzbach",
          "score": -7.34
        },
        {
          "name": "Jordana",
          "score": -3.14
        }
      ]
    },
    {
      "name": "Samira",
      "grupo": "Pipoca",
      "cluster": 1,
      "avg_received": -0.9208,
      "std_received": 1.8507,
      "contradictions": 2,
      "pos_received": 3.73,
      "top_love": [
        {
          "name": "Breno",
          "score": 1.7
        },
        {
          "name": "Ana Paula Renault",
          "score": 0.84
        },
        {
          "name": "Milena",
          "score": 0.54
        }
      ],
      "top_hate": [
        {
          "name": "Marciele",
          "score": -4.16
        },
        {
          "name": "Jordana",
          "score": -3.98
        },
        {
          "name": "Alberto Cowboy",
          "score": -3.35
        }
      ]
    },
    {
      "name": "Solange Couto",
      "grupo": "Camarote",
      "cluster": 1,
      "avg_received": -0.4069,
      "std_received": 2.0044,
      "contradictions": 4,
      "pos_received": 7.98,
      "top_love": [
        {
          "name": "Babu Santana",
          "score": 2.4
        },
        {
          "name": "Chaiany",
          "score": 1.3
        },
        {
          "name": "Leandro",
          "score": 1.2
        }
      ],
      "top_hate": [
        {
          "name": "Jordana",
          "score": -4.15
        },
        {
          "name": "Gabriela",
          "score": -3.27
        },
        {
          "name": "Alberto Cowboy",
          "score": -2.81
        }
      ]
    }
  ],
  "score_matrix_ordered": [
    [
      0.0,
      1.25,
      1.4,
      1.1,
      1.6,
      -1.207,
      1.4,
      -0.272,
      0.45,
      3.235,
      -2.2525,
      -1.61,
      -1.0312,
      -4.01
    ],
    [
      1.25,
      0.0,
      1.2138,
      1.05,
      1.15,
      -1.545,
      1.1,
      -1.5025,
      1.5,
      0.92,
      -3.58,
      -1.05,
      -1.535,
      -2.76
    ],
    [
      1.4,
      1.2138,
      0.0,
      1.8,
      1.6,
      0.983,
      2.3,
      -0.1432,
      0.4,
      -4.4175,
      -2.7925,
      -8.1435,
      -1.025,
      -3.83
    ],
    [
      1.1,
      1.05,
      1.8,
      0.0,
      1.25,
      1.468,
      0.3925,
      1.088,
      -1.663,
      -1.825,
      -5.5312,
      -4.743,
      -5.1775,
      -2.835
    ],
    [
      1.6,
      1.15,
      1.6,
      1.25,
      0.0,
      0.788,
      1.25,
      0.763,
      -1.6225,
      -3.6625,
      -10.748,
      -4.405,
      -1.85,
      -4.475
    ],
    [
      -1.207,
      -1.545,
      0.983,
      1.468,
      0.788,
      0.0,
      -0.67,
      2.2,
      1.13,
      -1.837,
      -8.48,
      -6.6475,
      -1.4575,
      -4.0875
    ],
    [
      1.4,
      1.1,
      2.3,
      0.3925,
      1.25,
      -0.67,
      0.0,
      -0.7525,
      -0.09,
      -3.6575,
      -2.6625,
      0.6,
      -1.6025,
      -4.0825
    ],
    [
      -0.272,
      -1.5025,
      -0.1432,
      1.088,
      0.763,
      2.2,
      -0.7525,
      0.0,
      1.32,
      -1.5745,
      -4.532,
      -3.2395,
      -2.725,
      -3.35
    ],
    [
      0.45,
      1.5,
      0.4,
      -1.663,
      -1.6225,
      1.13,
      -0.09,
      1.32,
      0.0,
      -0.345,
      -4.05,
      -1.415,
      -3.16,
      -4.0
    ],
    [
      3.235,
      0.92,
      -4.4175,
      -1.825,
      -3.6625,
      -1.837,
      -3.6575,
      -1.5745,
      -0.345,
      0.0,
      -0.855,
      1.25,
      -0.19,
      0.2825
    ],
    [
      -2.2525,
      -3.58,
      -2.7925,
      -5.5312,
      -10.748,
      -8.48,
      -2.6625,
      -4.532,
      -4.05,
      -0.855,
      0.0,
      2.2,
      1.35,
      1.4
    ],
    [
      -1.61,
      -1.05,
      -8.1435,
      -4.743,
      -4.405,
      -6.6475,
      0.6,
      -3.2395,
      -1.415,
      1.25,
      2.2,
      0.0,
      1.425,
      1.2
    ],
    [
      -1.0312,
      -1.535,
      -1.025,
      -5.1775,
      -1.85,
      -1.4575,
      -1.6025,
      -2.725,
      -3.16,
      -0.19,
      1.35,
      1.425,
      0.0,
      1.75
    ],
    [
      -4.01,
      -2.76,
      -3.83,
      -2.835,
      -4.475,
      -4.0875,
      -4.0825,
      -3.35,
      -4.0,
      0.2825,
      1.4,
      1.2,
      1.75,
      0.0
    ]
  ],
  "vote_matrix_ordered": [
    [
      0.0,
      0.6667,
      0.6,
      0.6667,
      0.6667,
      0.6667,
      0.3333,
      0.6,
      0.3333,
      0.0,
      0.0,
      0.0,
      0.0,
      0.0
    ],
    [
      0.6667,
      0.0,
      0.8,
      0.8333,
      0.8333,
      1.0,
      0.6667,
      1.0,
      0.6667,
      0.1667,
      0.0,
      0.5,
      0.0,
      0.0
    ],
    [
      0.6,
      0.8,
      0.0,
      1.0,
      0.8,
      0.8,
      0.6,
      0.8,
      0.6,
      0.0,
      0.0,
      0.0,
      0.0,
      0.0
    ],
    [
      0.6667,
      0.8333,
      1.0,
      0.0,
      0.8333,
      0.8333,
      0.5,
      0.8,
      0.5,
      0.0,
      0.0,
      0.0,
      0.0,
      0.0
    ],
    [
      0.6667,
      0.8333,
      0.8,
      0.8333,
      0.0,
      0.8333,
      0.5,
      0.8,
      0.5,
      0.0,
      0.0,
      0.0,
      0.0,
      0.0
    ],
    [
      0.6667,
      1.0,
      0.8,
      0.8333,
      0.8333,
      0.0,
      0.6667,
      1.0,
      0.6667,
      0.1667,
      0.0,
      0.5,
      0.0,
      0.0
    ],
    [
      0.3333,
      0.6667,
      0.6,
      0.5,
      0.5,
      0.6667,
      0.0,
      0.8,
      0.6667,
      0.1667,
      0.0,
      0.5,
      0.0,
      0.0
    ],
    [
      0.6,
      1.0,
      0.8,
      0.8,
      0.8,
      1.0,
      0.8,
      0.0,
      0.8,
      0.2,
      0.0,
      0.5,
      0.0,
      0.0
    ],
    [
      0.3333,
      0.6667,
      0.6,
      0.5,
      0.5,
      0.6667,
      0.6667,
      0.8,
      0.0,
      0.3333,
      0.25,
      1.0,
      0.3333,
      0.1667
    ],
    [
      0.0,
      0.1667,
      0.0,
      0.0,
      0.0,
      0.1667,
      0.1667,
      0.2,
      0.3333,
      0.0,
      0.75,
      1.0,
      0.5,
      0.5
    ],
    [
      0.0,
      0.0,
      0.0,
      0.0,
      0.0,
      0.0,
      0.0,
      0.0,
      0.25,
      0.75,
      0.0,
      1.0,
      0.75,
      0.75
    ],
    [
      0.0,
      0.5,
      0.0,
      0.0,
      0.0,
      0.5,
      0.5,
      0.5,
      1.0,
      1.0,
      1.0,
      0.0,
      0.5,
      0.5
    ],
    [
      0.0,
      0.0,
      0.0,
      0.0,
      0.0,
      0.0,
      0.0,
      0.0,
      0.3333,
      0.5,
      0.75,
      0.5,
      0.0,
      0.6667
    ],
    [
      0.0,
      0.0,
      0.0,
      0.0,
      0.0,
      0.0,
      0.0,
      0.0,
      0.1667,
      0.5,
      0.75,
      0.5,
      0.6667,
      0.0
    ]
  ]
}