{
  "_metadata": {
    "generated_at": "2026-02-09T03:52:08.839855+00:00",
    "date": "2026-02-08",
    "week": 4,
    "reference_date": "2026-02-08",
    "n_active": 19,
    "n_clusters": 2,
    "n_paredoes": 3,
    "n_contradictions": 24,
    "n_tensions": 1,
    "silhouette_coefficient": 0.291,
    "resolution_used": 0.5,
    "best_cohesion": {
      "label": 2,
      "name": "Grupo Misto A",
      "score": 0.83
    },
    "worst_rivalry": {
      "key": "1<>2",
      "score": -1.4329,
      "text": "Grupo Misto vs Grupo Misto A"
    }
  },
  "active_names": [
    "Alberto Cowboy",
    "Ana Paula Renault",
    "Babu Santana",
    "Breno",
    "Chaiany",
    "Edilson",
    "Gabriela",
    "Jonas Sulzbach",
    "Jordana",
    "Juliano Floss",
    "Leandro",
    "Marcelo",
    "Marciele",
    "Maxiane",
    "Milena",
    "Samira",
    "Sarah Andrade",
    "Sol Vega",
    "Solange Couto"
  ],
  "cluster_order": [
    "Sarah Andrade",
    "Alberto Cowboy",
    "Maxiane",
    "Marciele",
    "Breno",
    "Jordana",
    "Jonas Sulzbach",
    "Edilson",
    "Gabriela",
    "Sol Vega",
    "Marcelo",
    "Samira",
    "Babu Santana",
    "Juliano Floss",
    "Leandro",
    "Chaiany",
    "Ana Paula Renault",
    "Solange Couto",
    "Milena"
  ],
  "communities": [
    {
      "label": 1,
      "name": "Grupo Misto",
      "color": "#e74c3c",
      "members": [
        "Alberto Cowboy",
        "Breno",
        "Edilson",
        "Gabriela",
        "Jonas Sulzbach",
        "Jordana",
        "Marcelo",
        "Marciele",
        "Maxiane",
        "Samira",
        "Sarah Andrade",
        "Sol Vega"
      ],
      "group_composition": {
        "Pipoca": 7,
        "Veterano": 4,
        "Camarote": 1
      },
      "cohesion": 0.2986,
      "best_external": {
        "label": 2,
        "name": "Grupo Misto A",
        "score": -1.4329
      },
      "worst_external": {
        "label": 2,
        "name": "Grupo Misto A",
        "score": -1.4329
      }
    },
    {
      "label": 2,
      "name": "Grupo Misto A",
      "color": "#3498db",
      "members": [
        "Ana Paula Renault",
        "Babu Santana",
        "Chaiany",
        "Juliano Floss",
        "Leandro",
        "Milena",
        "Solange Couto"
      ],
      "group_composition": {
        "Pipoca": 3,
        "Veterano": 2,
        "Camarote": 2
      },
      "cohesion": 0.83,
      "best_external": {
        "label": 1,
        "name": "Grupo Misto",
        "score": -1.4329
      },
      "worst_external": {
        "label": 1,
        "name": "Grupo Misto",
        "score": -1.4329
      }
    }
  ],
  "inter_cluster": [
    {
      "cluster_a": 1,
      "cluster_b": 2,
      "name_a": "Grupo Misto",
      "name_b": "Grupo Misto A",
      "score_sym": -1.4329,
      "score_a_to_b": -1.4417,
      "score_b_to_a": -1.424,
      "vote_alignment": 0.2083
    }
  ],
  "polarization": [
    {
      "name": "Alberto Cowboy",
      "grupo": "Veterano",
      "cluster": 1,
      "avg_received": -0.4071,
      "std_received": 2.0862,
      "contradictions": 0,
      "pos_received": 9.52,
      "top_love": [
        {
          "name": "Jonas Sulzbach",
          "score": 1.65
        },
        {
          "name": "Sarah Andrade",
          "score": 1.36
        },
        {
          "name": "Edilson",
          "score": 1.1
        }
      ],
      "top_hate": [
        {
          "name": "Leandro",
          "score": -6.96
        },
        {
          "name": "Milena",
          "score": -3.65
        },
        {
          "name": "Ana Paula Renault",
          "score": -2.28
        }
      ]
    },
    {
      "name": "Ana Paula Renault",
      "grupo": "Veterano",
      "cluster": 2,
      "avg_received": -0.8662,
      "std_received": 1.8136,
      "contradictions": 0,
      "pos_received": 5.354,
      "top_love": [
        {
          "name": "Milena",
          "score": 1.5
        },
        {
          "name": "Babu Santana",
          "score": 0.86
        },
        {
          "name": "Chaiany",
          "score": 0.86
        }
      ],
      "top_hate": [
        {
          "name": "Maxiane",
          "score": -5.51
        },
        {
          "name": "Sarah Andrade",
          "score": -4.59
        },
        {
          "name": "Sol Vega",
          "score": -2.46
        }
      ]
    },
    {
      "name": "Babu Santana",
      "grupo": "Veterano",
      "cluster": 2,
      "avg_received": -0.2643,
      "std_received": 1.9793,
      "contradictions": 0,
      "pos_received": 10.38,
      "top_love": [
        {
          "name": "Edilson",
          "score": 1.5
        },
        {
          "name": "Juliano Floss",
          "score": 1.5
        },
        {
          "name": "Solange Couto",
          "score": 1.5
        }
      ],
      "top_hate": [
        {
          "name": "Jonas Sulzbach",
          "score": -6.09
        },
        {
          "name": "Sarah Andrade",
          "score": -4.01
        },
        {
          "name": "Gabriela",
          "score": -1.56
        }
      ]
    },
    {
      "name": "Breno",
      "grupo": "Pipoca",
      "cluster": 1,
      "avg_received": 0.3214,
      "std_received": 0.9424,
      "contradictions": 2,
      "pos_received": 10.99,
      "top_love": [
        {
          "name": "Gabriela",
          "score": 1.3
        },
        {
          "name": "Maxiane",
          "score": 1.2
        },
        {
          "name": "Jordana",
          "score": 1.0
        }
      ],
      "top_hate": [
        {
          "name": "Ana Paula Renault",
          "score": -1.96
        },
        {
          "name": "Milena",
          "score": -1.48
        },
        {
          "name": "Edilson",
          "score": -0.72
        }
      ]
    },
    {
      "name": "Chaiany",
      "grupo": "Pipoca",
      "cluster": 2,
      "avg_received": -0.18,
      "std_received": 1.6108,
      "contradictions": 4,
      "pos_received": 9.78,
      "top_love": [
        {
          "name": "Gabriela",
          "score": 1.5
        },
        {
          "name": "Leandro",
          "score": 1.5
        },
        {
          "name": "Babu Santana",
          "score": 1.0
        }
      ],
      "top_hate": [
        {
          "name": "Sarah Andrade",
          "score": -4.51
        },
        {
          "name": "Sol Vega",
          "score": -2.79
        },
        {
          "name": "Alberto Cowboy",
          "score": -2.1
        }
      ]
    },
    {
      "name": "Edilson",
      "grupo": "Camarote",
      "cluster": 1,
      "avg_received": -0.0058,
      "std_received": 1.1363,
      "contradictions": 3,
      "pos_received": 9.08,
      "top_love": [
        {
          "name": "Alberto Cowboy",
          "score": 1.95
        },
        {
          "name": "Babu Santana",
          "score": 1.5
        },
        {
          "name": "Jonas Sulzbach",
          "score": 1.2
        }
      ],
      "top_hate": [
        {
          "name": "Milena",
          "score": -1.85
        },
        {
          "name": "Leandro",
          "score": -1.8
        },
        {
          "name": "Ana Paula Renault",
          "score": -1.48
        }
      ]
    },
    {
      "name": "Gabriela",
      "grupo": "Pipoca",
      "cluster": 1,
      "avg_received": -0.7667,
      "std_received": 1.7195,
      "contradictions": 1,
      "pos_received": 7.92,
      "top_love": [
        {
          "name": "Chaiany",
          "score": 1.5
        },
        {
          "name": "Jonas Sulzbach",
          "score": 1.14
        },
        {
          "name": "Alberto Cowboy",
          "score": 1.0
        }
      ],
      "top_hate": [
        {
          "name": "Maxiane",
          "score": -3.9
        },
        {
          "name": "Solange Couto",
          "score": -2.92
        },
        {
          "name": "Marciele",
          "score": -2.68
        }
      ]
    },
    {
      "name": "Jonas Sulzbach",
      "grupo": "Veterano",
      "cluster": 1,
      "avg_received": -0.9392,
      "std_received": 2.4566,
      "contradictions": 0,
      "pos_received": 9.05,
      "top_love": [
        {
          "name": "Sarah Andrade",
          "score": 1.7
        },
        {
          "name": "Alberto Cowboy",
          "score": 1.35
        },
        {
          "name": "Breno",
          "score": 1.0
        }
      ],
      "top_hate": [
        {
          "name": "Babu Santana",
          "score": -6.59
        },
        {
          "name": "Marcelo",
          "score": -5.25
        },
        {
          "name": "Juliano Floss",
          "score": -4.36
        }
      ]
    },
    {
      "name": "Jordana",
      "grupo": "Pipoca",
      "cluster": 1,
      "avg_received": -0.0989,
      "std_received": 1.1569,
      "contradictions": 2,
      "pos_received": 8.24,
      "top_love": [
        {
          "name": "Maxiane",
          "score": 1.2
        },
        {
          "name": "Alberto Cowboy",
          "score": 1.0
        },
        {
          "name": "Breno",
          "score": 1.0
        }
      ],
      "top_hate": [
        {
          "name": "Ana Paula Renault",
          "score": -2.76
        },
        {
          "name": "Milena",
          "score": -1.35
        },
        {
          "name": "Babu Santana",
          "score": -1.35
        }
      ]
    },
    {
      "name": "Juliano Floss",
      "grupo": "Camarote",
      "cluster": 2,
      "avg_received": -0.619,
      "std_received": 1.7596,
      "contradictions": 0,
      "pos_received": 8.51,
      "top_love": [
        {
          "name": "Edilson",
          "score": 1.3
        },
        {
          "name": "Babu Santana",
          "score": 1.2
        },
        {
          "name": "Breno",
          "score": 1.0
        }
      ],
      "top_hate": [
        {
          "name": "Marciele",
          "score": -4.05
        },
        {
          "name": "Sol Vega",
          "score": -3.9
        },
        {
          "name": "Gabriela",
          "score": -2.5
        }
      ]
    },
    {
      "name": "Leandro",
      "grupo": "Pipoca",
      "cluster": 2,
      "avg_received": -1.3517,
      "std_received": 2.7301,
      "contradictions": 2,
      "pos_received": 7.89,
      "top_love": [
        {
          "name": "Babu Santana",
          "score": 1.0
        },
        {
          "name": "Breno",
          "score": 1.0
        },
        {
          "name": "Chaiany",
          "score": 1.0
        }
      ],
      "top_hate": [
        {
          "name": "Alberto Cowboy",
          "score": -9.36
        },
        {
          "name": "Jordana",
          "score": -4.0
        },
        {
          "name": "Gabriela",
          "score": -3.82
        }
      ]
    },
    {
      "name": "Marcelo",
      "grupo": "Pipoca",
      "cluster": 1,
      "avg_received": -0.1384,
      "std_received": 1.5813,
      "contradictions": 1,
      "pos_received": 9.09,
      "top_love": [
        {
          "name": "Maxiane",
          "score": 1.88
        },
        {
          "name": "Marciele",
          "score": 1.3
        },
        {
          "name": "Babu Santana",
          "score": 1.2
        }
      ],
      "top_hate": [
        {
          "name": "Jonas Sulzbach",
          "score": -5.17
        },
        {
          "name": "Milena",
          "score": -1.78
        },
        {
          "name": "Ana Paula Renault",
          "score": -1.64
        }
      ]
    },
    {
      "name": "Marciele",
      "grupo": "Pipoca",
      "cluster": 1,
      "avg_received": 0.2742,
      "std_received": 1.0933,
      "contradictions": 0,
      "pos_received": 11.61,
      "top_love": [
        {
          "name": "Breno",
          "score": 1.5
        },
        {
          "name": "Maxiane",
          "score": 1.5
        },
        {
          "name": "Jordana",
          "score": 1.41
        }
      ],
      "top_hate": [
        {
          "name": "Ana Paula Renault",
          "score": -1.96
        },
        {
          "name": "Milena",
          "score": -1.39
        },
        {
          "name": "Gabriela",
          "score": -1.1
        }
      ]
    },
    {
      "name": "Maxiane",
      "grupo": "Pipoca",
      "cluster": 1,
      "avg_received": 0.0266,
      "std_received": 1.4964,
      "contradictions": 2,
      "pos_received": 10.93,
      "top_love": [
        {
          "name": "Marcelo",
          "score": 1.86
        },
        {
          "name": "Marciele",
          "score": 1.5
        },
        {
          "name": "Jonas Sulzbach",
          "score": 1.35
        }
      ],
      "top_hate": [
        {
          "name": "Ana Paula Renault",
          "score": -4.54
        },
        {
          "name": "Milena",
          "score": -1.87
        },
        {
          "name": "Gabriela",
          "score": -0.93
        }
      ]
    },
    {
      "name": "Milena",
      "grupo": "Pipoca",
      "cluster": 2,
      "avg_received": -0.8837,
      "std_received": 1.9106,
      "contradictions": 1,
      "pos_received": 5.274,
      "top_love": [
        {
          "name": "Ana Paula Renault",
          "score": 1.5
        },
        {
          "name": "Babu Santana",
          "score": 1.06
        },
        {
          "name": "Chaiany",
          "score": 0.86
        }
      ],
      "top_hate": [
        {
          "name": "Alberto Cowboy",
          "score": -7.33
        },
        {
          "name": "Maxiane",
          "score": -2.22
        },
        {
          "name": "Edilson",
          "score": -1.92
        }
      ]
    },
    {
      "name": "Samira",
      "grupo": "Pipoca",
      "cluster": 1,
      "avg_received": -0.4242,
      "std_received": 1.3922,
      "contradictions": 2,
      "pos_received": 5.3,
      "top_love": [
        {
          "name": "Maxiane",
          "score": 1.2
        },
        {
          "name": "Breno",
          "score": 1.0
        },
        {
          "name": "Chaiany",
          "score": 1.0
        }
      ],
      "top_hate": [
        {
          "name": "Sol Vega",
          "score": -3.77
        },
        {
          "name": "Juliano Floss",
          "score": -3.75
        },
        {
          "name": "Jordana",
          "score": -1.33
        }
      ]
    },
    {
      "name": "Sarah Andrade",
      "grupo": "Veterano",
      "cluster": 1,
      "avg_received": -0.3544,
      "std_received": 1.9626,
      "contradictions": 1,
      "pos_received": 11.02,
      "top_love": [
        {
          "name": "Jonas Sulzbach",
          "score": 3.16
        },
        {
          "name": "Alberto Cowboy",
          "score": 1.53
        },
        {
          "name": "Maxiane",
          "score": 1.2
        }
      ],
      "top_hate": [
        {
          "name": "Babu Santana",
          "score": -5.01
        },
        {
          "name": "Ana Paula Renault",
          "score": -3.68
        },
        {
          "name": "Leandro",
          "score": -2.12
        }
      ]
    },
    {
      "name": "Sol Vega",
      "grupo": "Veterano",
      "cluster": 1,
      "avg_received": -1.9434,
      "std_received": 2.4051,
      "contradictions": 9,
      "pos_received": 5.725,
      "top_love": [
        {
          "name": "Sarah Andrade",
          "score": 2.11
        },
        {
          "name": "Jonas Sulzbach",
          "score": 1.2
        },
        {
          "name": "Alberto Cowboy",
          "score": 1.0
        }
      ],
      "top_hate": [
        {
          "name": "Babu Santana",
          "score": -6.35
        },
        {
          "name": "Juliano Floss",
          "score": -5.58
        },
        {
          "name": "Ana Paula Renault",
          "score": -4.58
        }
      ]
    },
    {
      "name": "Solange Couto",
      "grupo": "Camarote",
      "cluster": 2,
      "avg_received": -0.6267,
      "std_received": 1.5546,
      "contradictions": 3,
      "pos_received": 7.1,
      "top_love": [
        {
          "name": "Babu Santana",
          "score": 1.7
        },
        {
          "name": "Breno",
          "score": 1.0
        },
        {
          "name": "Chaiany",
          "score": 1.0
        }
      ],
      "top_hate": [
        {
          "name": "Sarah Andrade",
          "score": -2.88
        },
        {
          "name": "Gabriela",
          "score": -2.73
        },
        {
          "name": "Edilson",
          "score": -2.54
        }
      ]
    }
  ],
  "score_matrix_ordered": [
    [
      0.0,
      1.445,
      1.1,
      0.715,
      1.0,
      0.97,
      2.43,
      1.0,
      1.0,
      1.555,
      -0.42,
      -0.2575,
      -4.5105,
      -1.3425,
      -2.8475,
      -3.2625,
      -4.1375,
      -1.8525,
      -1.7825
    ],
    [
      1.445,
      0.0,
      0.55,
      1.1,
      0.19,
      1.0,
      1.5,
      1.525,
      1.0,
      1.0,
      0.19,
      -0.465,
      -0.75,
      -1.5575,
      -8.158,
      -1.155,
      -1.6845,
      -1.5375,
      -5.49
    ],
    [
      1.1,
      0.55,
      0.0,
      1.5,
      1.1,
      1.1,
      1.175,
      1.0,
      -2.4125,
      -0.075,
      1.87,
      0.3925,
      -0.355,
      -0.9625,
      0.1525,
      0.625,
      -5.0255,
      -0.1575,
      -2.045
    ],
    [
      0.715,
      1.1,
      1.5,
      0.0,
      1.25,
      1.205,
      0.3475,
      -0.0125,
      -1.89,
      0.7075,
      1.3,
      0.4,
      0.205,
      -2.5025,
      -1.425,
      0.1825,
      -1.47,
      -1.425,
      -1.1825
    ],
    [
      1.0,
      0.19,
      1.1,
      1.25,
      0.0,
      1.0,
      0.2275,
      -0.87,
      0.865,
      -0.015,
      1.0,
      0.79,
      0.665,
      0.895,
      1.0,
      0.91,
      -1.4175,
      0.2925,
      -0.9375
    ],
    [
      0.97,
      1.0,
      1.1,
      1.205,
      1.0,
      0.0,
      1.0,
      0.0,
      0.925,
      -0.53,
      -0.375,
      -1.2625,
      -1.29,
      -0.57,
      -2.65,
      -0.8725,
      -2.28,
      -1.395,
      -1.1925
    ],
    [
      2.43,
      1.5,
      1.175,
      0.3475,
      0.2275,
      1.0,
      0.0,
      1.1,
      1.07,
      1.1,
      -5.208,
      -0.415,
      -6.341,
      -3.3855,
      -3.2575,
      -1.155,
      -1.6845,
      -0.53,
      -1.577
    ],
    [
      1.0,
      1.525,
      1.0,
      -0.0125,
      -0.87,
      0.0,
      1.1,
      0.0,
      1.0,
      -1.725,
      -0.4175,
      -0.405,
      1.5,
      0.49,
      -2.56,
      0.0925,
      -1.312,
      -1.485,
      -1.887
    ],
    [
      1.0,
      1.0,
      -2.4125,
      -1.89,
      0.865,
      0.925,
      1.07,
      1.0,
      0.0,
      1.0,
      -0.8375,
      -1.2225,
      -2.0175,
      -1.705,
      -2.96,
      1.5,
      -1.307,
      -2.825,
      -0.857
    ],
    [
      1.555,
      1.0,
      -0.075,
      0.7075,
      -0.015,
      -0.53,
      1.1,
      -1.725,
      1.0,
      0.0,
      -1.545,
      -4.103,
      -3.955,
      -4.7375,
      -2.005,
      -2.42,
      -3.522,
      -1.895,
      -2.0245
    ],
    [
      -0.42,
      0.19,
      1.87,
      1.3,
      1.0,
      -0.375,
      -5.208,
      -0.4175,
      -0.8375,
      -1.545,
      0.0,
      0.475,
      1.1,
      1.0,
      1.0,
      0.64,
      -1.31,
      0.91,
      -1.38
    ],
    [
      -0.2575,
      -0.465,
      0.3925,
      0.4,
      0.79,
      -1.2625,
      -0.415,
      -0.405,
      -1.2225,
      -4.103,
      0.475,
      0.0,
      -0.08,
      -2.6205,
      -0.9225,
      0.97,
      -0.29,
      -0.805,
      -0.455
    ],
    [
      -4.5105,
      -0.75,
      -0.355,
      0.205,
      0.665,
      -1.29,
      -6.341,
      1.5,
      -2.0175,
      -3.955,
      1.1,
      -0.08,
      0.0,
      1.35,
      1.0,
      1.0,
      0.688,
      1.6,
      0.788
    ],
    [
      -1.3425,
      -1.5575,
      -0.9625,
      -2.5025,
      0.895,
      -0.57,
      -3.3855,
      0.49,
      -1.705,
      -4.7375,
      1.0,
      -2.6205,
      1.35,
      0.0,
      1.0,
      1.0,
      0.688,
      1.0,
      0.673
    ],
    [
      -2.8475,
      -8.158,
      0.1525,
      -1.425,
      1.0,
      -2.65,
      -3.2575,
      -2.56,
      -2.96,
      -2.005,
      1.0,
      -0.9225,
      1.0,
      1.0,
      0.0,
      1.25,
      0.688,
      1.0,
      0.688
    ],
    [
      -3.2625,
      -1.155,
      0.625,
      0.1825,
      0.91,
      -0.8725,
      -1.155,
      0.0925,
      1.5,
      -2.42,
      0.64,
      0.97,
      1.0,
      1.0,
      1.25,
      0.0,
      0.688,
      0.955,
      0.658
    ],
    [
      -4.1375,
      -1.6845,
      -5.0255,
      -1.47,
      -1.4175,
      -2.28,
      -1.6845,
      -1.312,
      -1.307,
      -3.522,
      -1.31,
      -0.29,
      0.688,
      0.688,
      0.688,
      0.688,
      0.0,
      -0.035,
      1.5
    ],
    [
      -1.8525,
      -1.5375,
      -0.1575,
      -1.425,
      0.2925,
      -1.395,
      -0.53,
      -1.485,
      -2.825,
      -1.895,
      0.91,
      -0.805,
      1.6,
      1.0,
      1.0,
      0.955,
      -0.035,
      0.0,
      -0.75
    ],
    [
      -1.7825,
      -5.49,
      -2.045,
      -1.1825,
      -0.9375,
      -1.1925,
      -1.577,
      -1.887,
      -0.857,
      -2.0245,
      -1.38,
      -0.455,
      0.788,
      0.673,
      0.688,
      0.658,
      1.5,
      -0.75,
      0.0
    ]
  ],
  "vote_matrix_ordered": [
    [
      0.0,
      1.0,
      0.5,
      0.3333,
      0.3333,
      0.3333,
      1.0,
      0.3333,
      0.6667,
      0.6667,
      0.3333,
      0.6667,
      0.0,
      0.0,
      0.0,
      0.0,
      0.5,
      0.3333,
      0.3333
    ],
    [
      1.0,
      0.0,
      0.0,
      0.5,
      0.0,
      0.5,
      1.0,
      0.5,
      0.5,
      1.0,
      0.0,
      0.5,
      0.0,
      0.0,
      0.0,
      0.0,
      0.0,
      0.0,
      0.0
    ],
    [
      0.5,
      0.0,
      0.0,
      0.5,
      0.5,
      0.0,
      1.0,
      0.0,
      0.5,
      0.0,
      0.5,
      1.0,
      0.0,
      0.0,
      0.0,
      0.0,
      1.0,
      0.5,
      0.5
    ],
    [
      0.3333,
      0.5,
      0.5,
      0.0,
      0.0,
      0.3333,
      0.5,
      0.3333,
      0.3333,
      0.6667,
      0.0,
      0.6667,
      0.0,
      0.0,
      0.0,
      0.0,
      0.0,
      0.0,
      0.0
    ],
    [
      0.3333,
      0.0,
      0.5,
      0.0,
      0.0,
      0.0,
      0.5,
      0.0,
      0.3333,
      0.0,
      1.0,
      0.3333,
      0.5,
      0.6667,
      0.6667,
      0.6667,
      1.0,
      0.3333,
      1.0
    ],
    [
      0.3333,
      0.5,
      0.0,
      0.3333,
      0.0,
      0.0,
      0.5,
      0.6667,
      0.3333,
      0.3333,
      0.0,
      0.3333,
      0.0,
      0.0,
      0.0,
      0.0,
      0.0,
      0.0,
      0.0
    ],
    [
      1.0,
      1.0,
      1.0,
      0.5,
      0.5,
      0.5,
      0.0,
      0.5,
      1.0,
      0.5,
      0.5,
      1.0,
      0.0,
      0.0,
      0.0,
      0.0,
      0.5,
      0.5,
      0.5
    ],
    [
      0.3333,
      0.5,
      0.0,
      0.3333,
      0.0,
      0.6667,
      0.5,
      0.0,
      0.3333,
      0.3333,
      0.0,
      0.3333,
      0.5,
      0.3333,
      0.0,
      0.0,
      0.0,
      0.0,
      0.0
    ],
    [
      0.6667,
      0.5,
      0.5,
      0.3333,
      0.3333,
      0.3333,
      1.0,
      0.3333,
      0.0,
      0.3333,
      0.3333,
      0.6667,
      0.0,
      0.0,
      0.0,
      0.0,
      0.5,
      0.3333,
      0.3333
    ],
    [
      0.6667,
      1.0,
      0.0,
      0.6667,
      0.0,
      0.3333,
      0.5,
      0.3333,
      0.3333,
      0.0,
      0.0,
      0.3333,
      0.0,
      0.0,
      0.0,
      0.0,
      0.0,
      0.0,
      0.0
    ],
    [
      0.3333,
      0.0,
      0.5,
      0.0,
      1.0,
      0.0,
      0.5,
      0.0,
      0.3333,
      0.0,
      0.0,
      0.3333,
      0.5,
      0.6667,
      0.6667,
      0.6667,
      1.0,
      0.3333,
      1.0
    ],
    [
      0.6667,
      0.5,
      1.0,
      0.6667,
      0.3333,
      0.3333,
      1.0,
      0.3333,
      0.6667,
      0.3333,
      0.3333,
      0.0,
      0.0,
      0.0,
      0.0,
      0.0,
      0.5,
      0.3333,
      0.3333
    ],
    [
      0.0,
      0.0,
      0.0,
      0.0,
      0.5,
      0.0,
      0.0,
      0.5,
      0.0,
      0.0,
      0.5,
      0.0,
      0.0,
      1.0,
      0.5,
      0.5,
      0.5,
      0.0,
      0.5
    ],
    [
      0.0,
      0.0,
      0.0,
      0.0,
      0.6667,
      0.0,
      0.0,
      0.3333,
      0.0,
      0.0,
      0.6667,
      0.0,
      1.0,
      0.0,
      0.6667,
      0.6667,
      0.5,
      0.0,
      0.6667
    ],
    [
      0.0,
      0.0,
      0.0,
      0.0,
      0.6667,
      0.0,
      0.0,
      0.0,
      0.0,
      0.0,
      0.6667,
      0.0,
      0.5,
      0.6667,
      0.0,
      0.6667,
      0.5,
      0.0,
      0.6667
    ],
    [
      0.0,
      0.0,
      0.0,
      0.0,
      0.6667,
      0.0,
      0.0,
      0.0,
      0.0,
      0.0,
      0.6667,
      0.0,
      0.5,
      0.6667,
      0.6667,
      0.0,
      0.5,
      0.0,
      0.6667
    ],
    [
      0.5,
      0.0,
      1.0,
      0.0,
      1.0,
      0.0,
      0.5,
      0.0,
      0.5,
      0.0,
      1.0,
      0.5,
      0.5,
      0.5,
      0.5,
      0.5,
      0.0,
      0.5,
      1.0
    ],
    [
      0.3333,
      0.0,
      0.5,
      0.0,
      0.3333,
      0.0,
      0.5,
      0.0,
      0.3333,
      0.0,
      0.3333,
      0.3333,
      0.0,
      0.0,
      0.0,
      0.0,
      0.5,
      0.0,
      0.3333
    ],
    [
      0.3333,
      0.0,
      0.5,
      0.0,
      1.0,
      0.0,
      0.5,
      0.0,
      0.3333,
      0.0,
      1.0,
      0.3333,
      0.5,
      0.6667,
      0.6667,
      0.6667,
      1.0,
      0.3333,
      0.0
    ]
  ]
}